50.00 74.00 39.70
51.00 76.00 39.70
52.00 78.00 39.70
53.00 78.00 39.70
54.00 80.00 39.70
55.00 81.00 39.70
56.00 82.00 39.70
57.00 85.00 40.20
58.00 86.00 40.20
59.00 87.00 40.20
60.00 88.00 40.20
61.00 90.00 40.20
62.00 91.00 40.20
63.00 93.00 40.20
64.00 95.00 40.20
65.00 96.00 40.20
66.00 97.00 40.20
67.00 98.00 40.20
68.00 101.00 40.20
69.00 102.00 40.20
70.00 104.00 40.70
71.00 104.00 40.70
72.00 105.00 40.70
73.00 107.00 40.70
74.00 109.00 40.20
75.00 110.00 40.20
76.00 111.00 40.20
77.00 112.00 40.70
78.00 114.00 40.70
79.00 115.00 40.70
80.00 117.00 40.70
81.00 119.00 40.70
82.00 121.00 40.70
83.00 122.00 40.70
84.00 123.00 40.70
85.00 124.00 40.70
86.00 126.00 40.70
87.00 127.00 40.70
88.00 128.00 40.70
89.00 129.00 40.70
90.00 131.00 40.70
91.00 132.00 40.70
92.00 134.00 40.70
93.00 135.00 40.70
94.00 136.00 40.70
95.00 138.00 40.70
96.00 139.00 40.70
97.00 142.00 41.20
98.00 143.00 41.20
99.00 145.00 41.20
100.00 146.00 41.20
101.00 147.00 41.20
102.00 148.00 41.20
103.00 150.00 41.20
104.00 151.00 41.20
105.00 152.00 41.20
106.00 153.00 41.20
107.00 155.00 41.20
108.00 157.00 41.20
109.00 158.00 41.20
110.00 160.00 41.20
111.00 162.00 41.20
112.00 162.00 41.20
113.00 163.00 41.20
114.00 164.00 41.20
115.00 167.00 41.20
116.00 169.00 41.20
117.00 170.00 41.20
118.00 171.00 41.20
119.00 172.00 41.20
120.00 174.00 41.20
121.00 175.00 41.20
122.00 176.00 41.20
123.00 179.00 41.20
124.00 180.00 41.20
125.00 181.00 41.20
126.00 182.00 41.20
127.00 184.00 41.20
128.00 186.00 41.20
129.00 187.00 41.20
130.00 188.00 41.20
131.00 190.00 41.20
132.00 191.00 41.20
133.00 193.00 41.20
134.00 195.00 41.20
135.00 196.00 41.70
136.00 196.00 41.20
137.00 198.00 41.20
138.00 199.00 41.20
139.00 202.00 41.20
140.00 203.00 41.20
141.00 204.00 41.20
142.00 204.00 41.70
143.00 207.00 41.20
144.00 208.00 41.20
145.00 210.00 41.20
146.00 211.00 41.20
147.00 212.00 41.20
148.00 214.00 41.20
149.00 215.00 41.20
150.00 217.00 41.70
151.00 219.00 41.20
152.00 221.00 41.20
153.00 221.00 41.20
154.00 222.00 41.20
155.00 223.00 41.20
156.00 226.00 41.20
157.00 227.00 41.20
158.00 230.00 41.20
159.00 229.00 41.20
160.00 231.00 41.20
161.00 232.00 41.20
162.00 234.00 41.20
163.00 236.00 41.20
164.00 238.00 41.20
165.00 238.00 41.70
166.00 239.00 41.70
167.00 240.00 41.20
168.00 243.00 41.20
169.00 244.00 41.20
170.00 246.00 41.20
171.00 247.00 41.20
172.00 249.00 41.20
173.00 250.00 41.70
174.00 251.00 41.70
175.00 254.00 41.20
176.00 255.00 41.70
177.00 255.00 41.70
178.00 256.00 41.70
179.00 258.00 41.70
180.00 261.00 41.70
181.00 262.00 41.70
182.00 263.00 41.70
183.00 264.00 41.70
184.00 266.00 41.70
185.00 267.00 41.70
186.00 270.00 41.70
187.00 272.00 41.20
188.00 272.00 41.70
189.00 273.00 41.70
190.00 275.00 41.70
191.00 277.00 41.70
192.00 279.00 41.70
193.00 280.00 41.70
194.00 281.00 41.70
195.00 282.00 41.70
196.00 284.00 41.70
197.00 285.00 41.70
198.00 286.00 41.70
199.00 289.00 41.70
200.00 290.00 41.70
201.00 291.00 41.70
202.00 292.00 41.70
203.00 295.00 41.70
204.00 296.00 41.70
205.00 297.00 41.70
206.00 298.00 41.70
207.00 299.00 41.70
208.00 300.00 41.70
209.00 302.00 41.70
210.00 304.00 41.70
211.00 307.00 41.20
212.00 308.00 41.70
213.00 309.00 41.70
214.00 310.00 41.70
215.00 311.00 41.70
216.00 314.00 41.70
217.00 315.00 41.70
218.00 316.00 41.70
219.00 317.00 41.70
220.00 319.00 41.70
221.00 320.00 41.70
222.00 322.00 41.70
223.00 323.00 41.70
224.00 324.00 41.70
225.00 327.00 41.20
226.00 328.00 41.20
227.00 330.00 41.20
228.00 332.00 41.70
229.00 333.00 41.70
230.00 334.00 41.70
231.00 335.00 41.70
232.00 336.00 41.70
233.00 338.00 41.70
234.00 340.00 41.70
235.00 341.00 41.70
236.00 342.00 41.70
237.00 344.00 41.70
238.00 345.00 41.70
239.00 346.00 41.70
240.00 350.00 41.70
241.00 350.00 41.70
242.00 351.00 41.70
243.00 352.00 41.70
244.00 355.00 41.20
245.00 356.00 41.20
246.00 358.00 41.20
247.00 359.00 41.20
248.00 360.00 41.20
249.00 362.00 41.70
250.00 363.00 41.20
251.00 366.00 41.20
252.00 367.00 41.20
253.00 368.00 41.20
254.00 369.00 41.20
255.00 371.00 41.20
256.00 373.00 41.20
257.00 375.00 41.20
258.00 376.00 41.20
259.00 377.00 41.20
260.00 378.00 41.20
261.00 380.00 41.20
262.00 381.00 41.20
263.00 384.00 41.20
264.00 385.00 41.20
265.00 386.00 41.20
266.00 387.00 41.20
267.00 389.00 41.20
268.00 391.00 41.20
269.00 392.00 41.20
270.00 393.00 41.20
271.00 395.00 41.20
272.00 396.00 41.20
273.00 398.00 41.20
274.00 399.00 41.20
275.00 401.00 41.20
276.00 402.00 41.20
277.00 403.00 41.20
278.00 404.00 41.20
279.00 406.00 41.20
280.00 408.00 41.20
281.00 409.00 41.20
282.00 410.00 41.20
283.00 411.00 41.20
284.00 413.00 41.20
285.00 415.00 41.20
286.00 416.00 41.20
287.00 419.00 41.20
288.00 420.00 41.20
289.00 421.00 41.20
290.00 422.00 41.20
291.00 424.00 40.70
292.00 427.00 40.70
293.00 428.00 40.70
294.00 429.00 40.70
295.00 430.00 40.70
296.00 432.00 40.70
297.00 433.00 40.70
298.00 436.00 40.70
299.00 437.00 40.70
300.00 438.00 40.70
301.00 439.00 40.70
302.00 440.00 40.70
303.00 443.00 40.70
304.00 444.00 40.70
305.00 446.00 40.70
306.00 447.00 40.70
307.00 449.00 40.70
308.00 451.00 40.70
309.00 452.00 40.70
310.00 453.00 40.70
311.00 456.00 40.70
312.00 457.00 40.70
313.00 458.00 40.70
314.00 459.00 40.70
315.00 460.00 40.70
316.00 461.00 40.70
317.00 462.00 40.70
318.00 463.00 40.70
319.00 466.00 40.70
320.00 468.00 40.70
321.00 469.00 40.70
322.00 471.00 40.70
323.00 472.00 40.70
324.00 473.00 40.70
325.00 474.00 40.70
326.00 478.00 40.70
327.00 479.00 40.70
328.00 480.00 40.70
329.00 481.00 40.70
330.00 482.00 40.70
331.00 485.00 40.70
332.00 486.00 40.20
333.00 490.00 40.20
334.00 491.00 40.20
335.00 492.00 40.20
336.00 493.00 40.20
337.00 495.00 40.20
338.00 497.00 40.20
339.00 498.00 40.20
340.00 500.00 40.20
341.00 502.00 40.20
342.00 503.00 40.20
343.00 504.00 40.20
344.00 505.00 40.20
345.00 507.00 40.20
346.00 509.00 40.20
347.00 510.00 40.20
348.00 511.00 40.20
349.00 513.00 40.20
350.00 514.00 40.20
351.00 516.00 40.20
352.00 519.00 40.20
353.00 520.00 40.20
354.00 521.00 40.20
355.00 522.00 40.20
356.00 524.00 40.20
357.00 525.00 40.20
358.00 528.00 39.70
359.00 529.00 39.70
360.00 531.00 39.70
361.00 532.00 39.70
362.00 533.00 39.70
363.00 537.00 39.70
364.00 538.00 39.70
365.00 539.00 39.70
366.00 540.00 39.70
367.00 542.00 39.70
368.00 544.00 39.70
369.00 545.00 39.70
370.00 546.00 39.70
371.00 548.00 39.70
372.00 549.00 39.70
373.00 551.00 39.70
374.00 552.00 39.70
375.00 554.00 39.70
376.00 555.00 39.70
377.00 556.00 39.70
378.00 557.00 39.70
379.00 560.00 39.70
380.00 561.00 39.70
381.00 563.00 39.70
382.00 564.00 39.70
383.00 565.00 39.70
384.00 567.00 39.70
385.00 568.00 39.70
386.00 571.00 39.70
387.00 572.00 39.70
388.00 573.00 39.70
389.00 574.00 39.70
390.00 578.00 39.20
391.00 579.00 39.20
392.00 581.00 39.20
393.00 584.00 39.20
394.00 585.00 39.20
395.00 586.00 39.20
396.00 587.00 39.20
397.00 589.00 39.20
398.00 591.00 39.20
399.00 593.00 39.20
400.00 594.00 39.20
401.00 601.00 40.75
402.00 587.00 40.65
403.00 589.00 40.65
404.00 590.00 40.65
405.00 591.00 40.65
406.00 592.00 40.65
407.00 593.00 40.65
408.00 595.00 40.65
409.00 597.00 40.65
410.00 598.00 40.65
411.00 600.00 40.65
412.00 601.00 40.65
413.00 602.00 40.65
414.00 603.00 40.65
415.00 606.00 40.65
416.00 608.00 40.65
417.00 609.00 40.65
418.00 610.00 40.65
419.00 611.00 40.65
420.00 613.00 40.65
421.00 614.00 40.65
422.00 617.00 40.55
423.00 618.00 40.55
424.00 619.00 40.55
425.00 621.00 40.55
426.00 622.00 40.55
427.00 624.00 40.45
428.00 625.00 40.45
429.00 627.00 40.45
430.00 628.00 40.35
431.00 632.00 40.35
432.00 633.00 40.35
433.00 634.00 40.35
434.00 636.00 40.35
435.00 637.00 40.35
436.00 638.00 40.35
437.00 640.00 40.35
438.00 641.00 40.35
439.00 643.00 40.35
440.00 645.00 40.35
441.00 647.00 40.15
442.00 649.00 40.15
443.00 650.00 40.15
444.00 652.00 40.15
445.00 654.00 40.15
446.00 655.00 40.15
447.00 656.00 40.05
448.00 657.00 40.05
449.00 660.00 40.05
450.00 661.00 40.05
451.00 662.00 40.05
452.00 665.00 39.95
453.00 667.00 39.95
454.00 668.00 39.95
455.00 669.00 39.95
456.00 671.00 39.95
457.00 673.00 39.85
458.00 674.00 39.85
459.00 675.00 39.85
460.00 676.00 39.85
461.00 678.00 39.85
462.00 680.00 39.85
463.00 683.00 39.85
464.00 684.00 39.85
465.00 685.00 39.85
466.00 686.00 39.85
467.00 688.00 39.85
468.00 689.00 39.85
469.00 691.00 39.85
470.00 692.00 39.85
471.00 694.00 39.85
472.00 695.00 39.85
473.00 696.00 39.85
474.00 699.00 39.65
475.00 702.00 39.65
476.00 703.00 39.65
477.00 704.00 39.65
478.00 707.00 39.55
479.00 708.00 39.55
480.00 710.00 39.55
481.00 711.00 39.55
482.00 713.00 39.55
483.00 715.00 39.55
484.00 716.00 39.45
485.00 719.00 39.45
486.00 720.00 39.45
487.00 721.00 39.45
488.00 722.00 39.45
489.00 724.00 39.45
490.00 726.00 39.45
491.00 727.00 39.45
492.00 729.00 39.45
493.00 732.00 39.45
494.00 733.00 39.45
495.00 735.00 39.35
496.00 736.00 39.25
497.00 738.00 39.25
498.00 739.00 39.25
499.00 741.00 39.25
500.00 742.00 39.25
501.00 743.00 39.25
502.00 745.00 39.05
503.00 748.00 39.05
504.00 750.00 39.05
505.00 751.00 39.05
506.00 753.00 39.05
507.00 754.00 39.05
508.00 757.00 39.05
509.00 758.00 39.05
510.00 761.00 38.95
511.00 762.00 38.95
512.00 763.00 38.95
513.00 764.00 38.95
514.00 766.00 38.85
515.00 768.00 38.85
516.00 771.00 38.85
517.00 772.00 38.85
518.00 773.00 38.85
519.00 774.00 38.85
520.00 775.00 38.85
521.00 777.00 38.85
522.00 778.00 38.85
523.00 779.00 38.85
524.00 780.00 38.75
525.00 782.00 38.75
526.00 784.00 38.65
527.00 788.00 38.65
528.00 789.00 38.65
529.00 790.00 38.65
530.00 791.00 38.65
531.00 794.00 38.65
532.00 795.00 38.65
533.00 797.00 38.65
534.00 799.00 38.55
535.00 800.00 38.55
536.00 801.00 38.55
537.00 802.00 38.55
538.00 804.00 38.45
539.00 807.00 38.45
540.00 811.00 38.45
541.00 812.00 38.45
542.00 813.00 38.45
543.00 814.00 38.45
544.00 815.00 38.45
545.00 818.00 38.35
546.00 819.00 38.35
547.00 820.00 38.35
548.00 822.00 38.35
549.00 823.00 38.35
550.00 826.00 38.35
551.00 827.00 38.35
552.00 828.00 38.35
553.00 831.00 38.25
554.00 832.00 38.25
555.00 833.00 38.25
556.00 837.00 38.15
557.00 838.00 38.15
558.00 839.00 38.15
559.00 843.00 38.15
560.00 844.00 38.15
561.00 845.00 38.15
562.00 847.00 38.15
563.00 849.00 38.15
564.00 850.00 38.15
565.00 851.00 38.15
566.00 854.00 38.05
567.00 856.00 38.05
568.00 857.00 38.05
569.00 859.00 38.05
570.00 860.00 38.05
571.00 862.00 38.05
572.00 863.00 38.05
573.00 864.00 38.05
574.00 866.00 37.95
575.00 869.00 37.95
576.00 870.00 37.95
577.00 873.00 37.95
578.00 874.00 37.95
579.00 877.00 37.85
580.00 878.00 37.85
581.00 880.00 37.85
582.00 881.00 37.85
583.00 883.00 37.85
584.00 884.00 37.85
585.00 885.00 37.85
586.00 888.00 37.85
587.00 889.00 37.85
588.00 891.00 37.75
589.00 892.00 37.75
590.00 895.00 37.75
591.00 896.00 37.75
592.00 900.00 37.75
593.00 901.00 37.75
594.00 902.00 37.75
595.00 903.00 37.75
596.00 906.00 37.75
597.00 907.00 37.75
598.00 910.00 37.65
599.00 911.00 37.55
600.00 912.00 37.55
601.00 914.00 37.55
602.00 915.00 37.55
603.00 918.00 37.55
604.00 919.00 37.55
605.00 920.00 37.55
606.00 921.00 37.55
607.00 923.00 37.55
608.00 927.00 37.55
609.00 928.00 37.55
610.00 930.00 37.55
611.00 932.00 37.55
612.00 933.00 37.45
613.00 935.00 37.45
614.00 937.00 37.45
615.00 939.00 37.35
616.00 942.00 37.35
617.00 943.00 37.35
618.00 944.00 37.35
619.00 945.00 37.25
620.00 947.00 37.25
621.00 948.00 37.25
622.00 950.00 37.25
623.00 951.00 37.25
624.00 953.00 37.25
625.00 955.00 37.25
626.00 956.00 37.25
627.00 961.00 37.25
628.00 962.00 37.25
629.00 963.00 37.25
630.00 964.00 37.25
631.00 968.00 37.05
632.00 970.00 37.05
633.00 972.00 37.05
634.00 973.00 37.05
635.00 974.00 37.05
636.00 975.00 37.05
637.00 978.00 37.05
638.00 979.00 37.05
639.00 983.00 37.05
640.00 984.00 37.05
641.00 985.00 37.05
642.00 986.00 37.05
643.00 988.00 37.05
644.00 991.00 37.05
645.00 993.00 37.05
646.00 994.00 37.05
647.00 995.00 37.05
648.00 996.00 37.05
649.00 1001.00 36.95
650.00 1002.00 36.95
651.00 1003.00 36.95
652.00 1005.00 36.95
653.00 1007.00 36.95
654.00 1008.00 36.95
655.00 1011.00 36.95
656.00 1012.00 36.95
657.00 1013.00 36.95
658.00 1014.00 36.95
659.00 1015.00 36.95
660.00 1020.00 36.85
661.00 1021.00 36.85
662.00 1025.00 36.85
663.00 1026.00 36.85
664.00 1027.00 36.85
665.00 1028.00 36.85
666.00 1029.00 36.85
667.00 1032.00 36.75
668.00 1033.00 36.75
669.00 1036.00 36.75
670.00 1037.00 36.75
671.00 1038.00 36.75
672.00 1043.00 36.75
673.00 1044.00 36.75
674.00 1045.00 36.75
675.00 1048.00 36.75
676.00 1049.00 36.75
677.00 1050.00 36.75
678.00 1051.00 36.75
679.00 1053.00 36.75
680.00 1055.00 36.75
681.00 1056.00 36.75
682.00 1060.00 36.55
683.00 1061.00 36.55
684.00 1064.00 36.55
685.00 1066.00 36.55
686.00 1067.00 36.55
687.00 1070.00 36.55
688.00 1071.00 36.55
689.00 1072.00 36.55
690.00 1076.00 36.55
691.00 1077.00 36.55
692.00 1080.00 36.45
693.00 1081.00 36.45
694.00 1082.00 36.45
695.00 1083.00 36.45
696.00 1085.00 36.45
697.00 1086.00 36.45
698.00 1089.00 36.45
699.00 1091.00 36.45
700.00 1092.00 36.45
701.00 1095.00 36.45
702.00 1098.00 36.35
703.00 1099.00 36.35
704.00 1102.00 36.35
705.00 1103.00 36.35
706.00 1106.00 36.35
707.00 1107.00 36.35
708.00 1109.00 36.35
709.00 1111.00 36.25
710.00 1114.00 36.25
711.00 1115.00 36.25
712.00 1116.00 36.25
713.00 1118.00 36.25
714.00 1120.00 36.25
715.00 1121.00 36.25
716.00 1125.00 36.25
717.00 1126.00 36.25
718.00 1129.00 36.25
719.00 1130.00 36.25
720.00 1133.00 36.25
721.00 1135.00 36.15
722.00 1137.00 36.15
723.00 1138.00 36.15
724.00 1139.00 36.15
725.00 1142.00 36.15
726.00 1143.00 36.15
727.00 1147.00 36.05
728.00 1149.00 36.05
729.00 1150.00 36.05
730.00 1151.00 36.05
731.00 1153.00 36.05
732.00 1156.00 36.05
733.00 1157.00 36.05
734.00 1158.00 36.05
735.00 1159.00 36.05
736.00 1163.00 36.05
737.00 1166.00 35.95
738.00 1167.00 35.95
739.00 1171.00 35.95
740.00 1172.00 35.95
741.00 1173.00 35.95
742.00 1174.00 35.95
743.00 1176.00 35.95
744.00 1180.00 35.95
745.00 1181.00 35.95
746.00 1182.00 35.95
747.00 1185.00 35.95
748.00 1188.00 35.85
749.00 1190.00 35.85
750.00 1191.00 35.85
751.00 1193.00 35.85
752.00 1194.00 35.85
753.00 1197.00 35.85
754.00 1199.00 35.85
755.00 1200.00 35.85
756.00 1205.00 35.75
757.00 1208.00 35.75
758.00 1209.00 35.75
759.00 1211.00 35.75
760.00 1212.00 35.75
761.00 1213.00 35.75
762.00 1215.00 35.75
763.00 1218.00 35.75
764.00 1219.00 35.75
765.00 1220.00 35.75
766.00 1222.00 35.75
767.00 1225.00 35.65
768.00 1229.00 35.65
769.00 1230.00 35.65
770.00 1231.00 35.65
