#[channel 2 V, channel 3 V, channel 3 phase]
5.00000e+01 7.40000e+01 3.97000e+01
5.10000e+01 7.60000e+01 3.97000e+01
5.20000e+01 7.80000e+01 3.97000e+01
5.30000e+01 7.80000e+01 3.97000e+01
5.40000e+01 8.00000e+01 3.97000e+01
5.50000e+01 8.10000e+01 3.97000e+01
5.60000e+01 8.20000e+01 3.97000e+01
5.70000e+01 8.50000e+01 4.02000e+01
5.80000e+01 8.60000e+01 4.02000e+01
5.90000e+01 8.70000e+01 4.02000e+01
6.00000e+01 8.80000e+01 4.02000e+01
6.10000e+01 9.00000e+01 4.02000e+01
6.20000e+01 9.10000e+01 4.02000e+01
6.30000e+01 9.30000e+01 4.02000e+01
6.40000e+01 9.50000e+01 4.02000e+01
6.50000e+01 9.60000e+01 4.02000e+01
6.60000e+01 9.70000e+01 4.02000e+01
6.70000e+01 9.80000e+01 4.02000e+01
6.80000e+01 1.01000e+02 4.02000e+01
6.90000e+01 1.02000e+02 4.02000e+01
7.00000e+01 1.04000e+02 4.07000e+01
7.10000e+01 1.04000e+02 4.07000e+01
7.20000e+01 1.05000e+02 4.07000e+01
7.30000e+01 1.07000e+02 4.07000e+01
7.40000e+01 1.09000e+02 4.02000e+01
7.50000e+01 1.10000e+02 4.02000e+01
7.60000e+01 1.11000e+02 4.02000e+01
7.70000e+01 1.12000e+02 4.07000e+01
7.80000e+01 1.14000e+02 4.07000e+01
7.90000e+01 1.15000e+02 4.07000e+01
8.00000e+01 1.17000e+02 4.07000e+01
8.10000e+01 1.19000e+02 4.07000e+01
8.20000e+01 1.21000e+02 4.07000e+01
8.30000e+01 1.22000e+02 4.07000e+01
8.40000e+01 1.23000e+02 4.07000e+01
8.50000e+01 1.24000e+02 4.07000e+01
8.60000e+01 1.26000e+02 4.07000e+01
8.70000e+01 1.27000e+02 4.07000e+01
8.80000e+01 1.28000e+02 4.07000e+01
8.90000e+01 1.29000e+02 4.07000e+01
9.00000e+01 1.31000e+02 4.07000e+01
9.10000e+01 1.32000e+02 4.07000e+01
9.20000e+01 1.34000e+02 4.07000e+01
9.30000e+01 1.35000e+02 4.07000e+01
9.40000e+01 1.36000e+02 4.07000e+01
9.50000e+01 1.38000e+02 4.07000e+01
9.60000e+01 1.39000e+02 4.07000e+01
9.70000e+01 1.42000e+02 4.12000e+01
9.80000e+01 1.43000e+02 4.12000e+01
9.90000e+01 1.45000e+02 4.12000e+01
1.00000e+02 1.46000e+02 4.12000e+01
