100.00 94.00 13.30
101.00 94.00 13.30
102.00 95.00 13.30
103.00 96.00 13.30
104.00 97.00 13.30
105.00 98.00 13.30
106.00 98.00 13.30
107.00 99.00 13.30
108.00 101.00 13.30
109.00 102.00 13.30
110.00 103.00 13.30
111.00 104.00 13.30
112.00 104.00 13.30
113.00 105.00 13.30
114.00 107.00 13.30
115.00 107.00 13.10
116.00 108.00 13.10
117.00 109.00 13.10
118.00 109.00 13.10
119.00 110.00 13.10
120.00 111.00 13.10
121.00 113.00 13.10
122.00 114.00 13.10
123.00 115.00 13.10
124.00 115.00 13.10
125.00 116.00 13.10
126.00 117.00 13.10
127.00 118.00 13.00
128.00 119.00 13.00
129.00 120.00 13.00
130.00 120.00 12.90
131.00 121.00 12.90
132.00 122.00 12.90
133.00 123.00 12.90
134.00 125.00 12.90
135.00 126.00 12.90
136.00 126.00 12.90
137.00 127.00 12.90
138.00 128.00 12.90
139.00 129.00 12.90
140.00 131.00 12.90
141.00 131.00 12.90
142.00 132.00 12.90
143.00 133.00 12.90
144.00 134.00 12.90
145.00 134.00 12.60
146.00 135.00 12.60
147.00 136.00 12.60
148.00 137.00 12.60
149.00 138.00 12.70
150.00 139.00 12.60
151.00 140.00 12.60
152.00 142.00 12.60
153.00 142.00 12.60
154.00 143.00 12.60
155.00 144.00 12.60
156.00 145.00 12.60
157.00 146.00 12.60
158.00 147.00 12.50
159.00 147.00 12.60
160.00 148.00 12.50
161.00 149.00 12.50
162.00 150.00 12.50
163.00 151.00 12.50
164.00 152.00 12.50
165.00 153.00 12.50
166.00 154.00 12.50
167.00 155.00 12.50
168.00 156.00 12.50
169.00 157.00 12.50
170.00 158.00 12.50
171.00 159.00 12.50
172.00 160.00 12.60
173.00 161.00 12.60
174.00 162.00 12.60
175.00 163.00 12.60
176.00 164.00 12.60
177.00 165.00 12.60
178.00 166.00 12.60
179.00 167.00 12.60
180.00 168.00 12.60
181.00 169.00 12.60
182.00 170.00 12.60
183.00 171.00 12.60
184.00 172.00 12.60
185.00 173.00 12.60
186.00 173.00 12.40
187.00 174.00 12.40
188.00 175.00 12.50
189.00 175.00 12.50
190.00 176.00 12.50
191.00 178.00 12.30
192.00 179.00 12.30
193.00 180.00 12.30
194.00 180.00 12.40
195.00 181.00 12.40
196.00 182.00 12.40
197.00 183.00 12.20
198.00 184.00 12.20
199.00 185.00 12.20
200.00 186.00 12.30
201.00 187.00 12.30
202.00 188.00 12.20
203.00 189.00 12.20
204.00 190.00 12.20
205.00 191.00 12.20
206.00 192.00 12.30
207.00 192.00 12.30
208.00 193.00 12.20
209.00 194.00 12.10
210.00 195.00 12.00
211.00 196.00 12.00
212.00 197.00 12.20
213.00 198.00 12.20
214.00 199.00 12.30
215.00 200.00 12.10
216.00 201.00 12.10
217.00 202.00 12.10
218.00 203.00 12.20
219.00 204.00 12.30
220.00 204.00 12.10
221.00 205.00 12.10
222.00 207.00 11.90
223.00 208.00 12.00
224.00 209.00 12.20
225.00 209.00 12.10
226.00 210.00 12.10
227.00 211.00 12.10
228.00 212.00 11.90
229.00 213.00 12.00
230.00 214.00 12.00
231.00 215.00 12.00
232.00 216.00 12.00
233.00 217.00 12.10
234.00 218.00 11.80
235.00 219.00 12.00
236.00 220.00 12.10
237.00 221.00 12.10
238.00 221.00 11.90
239.00 222.00 11.90
240.00 223.00 11.80
241.00 224.00 11.80
242.00 225.00 11.80
243.00 226.00 11.80
244.00 227.00 11.80
245.00 228.00 11.90
246.00 229.00 11.60
247.00 230.00 11.80
248.00 231.00 11.90
249.00 232.00 11.90
250.00 233.00 11.90
251.00 234.00 11.90
252.00 235.00 11.80
253.00 235.00 11.80
254.00 236.00 11.70
255.00 237.00 11.70
256.00 238.00 11.60
257.00 239.00 11.60
258.00 240.00 11.60
259.00 241.00 11.60
260.00 242.00 11.60
261.00 243.00 11.60
262.00 244.00 11.60
263.00 245.00 11.60
264.00 246.00 11.60
265.00 247.00 11.60
266.00 248.00 11.60
267.00 249.00 11.60
268.00 250.00 11.60
269.00 251.00 11.60
270.00 252.00 11.60
271.00 253.00 11.60
272.00 254.00 11.60
273.00 255.00 11.60
274.00 255.00 11.40
275.00 256.00 11.40
276.00 257.00 11.50
277.00 257.00 11.60
278.00 258.00 11.50
279.00 259.00 11.20
280.00 260.00 11.20
281.00 261.00 11.20
282.00 262.00 11.30
283.00 263.00 11.40
284.00 264.00 11.40
285.00 265.00 11.20
286.00 266.00 11.20
287.00 267.00 11.10
288.00 268.00 11.30
289.00 269.00 11.30
290.00 270.00 11.40
291.00 271.00 11.20
292.00 272.00 11.10
293.00 273.00 11.10
294.00 274.00 11.30
295.00 274.00 11.20
296.00 275.00 11.10
297.00 276.00 10.90
298.00 277.00 10.90
299.00 278.00 10.90
300.00 279.00 11.10
301.00 280.00 11.10
302.00 281.00 11.10
303.00 282.00 10.90
304.00 283.00 10.90
305.00 284.00 11.00
306.00 285.00 11.20
307.00 286.00 11.20
308.00 287.00 11.10
309.00 288.00 10.80
310.00 289.00 10.90
311.00 290.00 10.90
312.00 291.00 11.10
313.00 292.00 11.10
314.00 292.00 10.90
315.00 293.00 11.00
316.00 294.00 10.70
317.00 295.00 10.70
318.00 296.00 10.80
319.00 297.00 10.90
320.00 298.00 10.80
321.00 299.00 10.90
322.00 300.00 10.80
323.00 301.00 10.80
324.00 302.00 10.80
325.00 303.00 10.80
326.00 304.00 10.90
327.00 305.00 10.90
328.00 306.00 10.60
329.00 307.00 10.90
330.00 307.00 10.70
331.00 308.00 10.60
332.00 309.00 10.60
333.00 310.00 10.60
334.00 311.00 10.60
335.00 312.00 10.60
336.00 313.00 10.60
337.00 314.00 10.60
338.00 315.00 10.60
339.00 316.00 10.70
340.00 317.00 10.60
341.00 318.00 10.50
342.00 319.00 10.60
343.00 320.00 10.60
344.00 321.00 10.60
345.00 322.00 10.60
346.00 323.00 10.40
347.00 324.00 10.50
348.00 325.00 10.50
349.00 326.00 10.60
350.00 327.00 10.60
351.00 328.00 10.50
352.00 329.00 10.40
353.00 329.00 10.40
354.00 330.00 10.50
355.00 331.00 10.40
356.00 332.00 10.40
357.00 333.00 10.30
358.00 334.00 10.30
359.00 335.00 10.30
360.00 336.00 10.40
361.00 337.00 10.40
362.00 338.00 10.30
363.00 339.00 10.20
364.00 340.00 10.30
365.00 341.00 10.30
366.00 342.00 10.40
367.00 343.00 10.30
368.00 344.00 10.20
369.00 344.00 9.90
370.00 345.00 10.30
371.00 346.00 10.30
372.00 347.00 10.20
373.00 348.00 10.20
374.00 349.00 10.20
375.00 350.00 10.20
376.00 351.00 10.20
377.00 351.00 10.20
378.00 352.00 10.20
379.00 353.00 10.00
380.00 354.00 10.00
381.00 355.00 10.00
382.00 356.00 10.00
383.00 357.00 10.00
384.00 358.00 10.00
385.00 359.00 10.00
386.00 360.00 10.00
387.00 361.00 10.00
388.00 362.00 10.00
389.00 363.00 10.00
390.00 364.00 10.00
391.00 365.00 9.90
392.00 366.00 9.90
393.00 367.00 9.90
394.00 368.00 9.90
395.00 369.00 9.90
396.00 370.00 9.90
397.00 371.00 9.90
398.00 372.00 9.90
399.00 373.00 9.80
400.00 373.00 9.90
401.00 374.00 9.90
402.00 375.00 9.90
403.00 376.00 9.80
404.00 377.00 9.70
405.00 378.00 9.70
406.00 379.00 9.70
407.00 380.00 9.70
408.00 381.00 9.70
409.00 382.00 9.70
410.00 383.00 9.70
411.00 384.00 9.70
412.00 385.00 9.70
413.00 386.00 9.70
414.00 386.00 9.70
415.00 387.00 9.70
416.00 388.00 9.70
417.00 389.00 9.70
418.00 390.00 9.70
419.00 390.00 9.60
420.00 391.00 9.60
421.00 392.00 9.60
422.00 393.00 9.40
423.00 394.00 9.40
424.00 395.00 9.40
425.00 396.00 9.40
426.00 397.00 9.40
427.00 398.00 9.40
428.00 399.00 9.40
429.00 400.00 9.40
430.00 401.00 9.40
431.00 402.00 9.40
432.00 403.00 9.40
433.00 404.00 9.40
434.00 405.00 9.40
435.00 406.00 9.30
436.00 407.00 9.30
437.00 408.00 9.30
438.00 409.00 9.30
439.00 410.00 9.30
440.00 411.00 9.30
441.00 410.00 9.30
442.00 411.00 9.30
443.00 412.00 9.10
444.00 413.00 9.10
445.00 414.00 9.10
446.00 415.00 9.10
447.00 416.00 9.10
448.00 417.00 9.00
449.00 418.00 9.00
450.00 419.00 9.00
451.00 420.00 9.00
452.00 421.00 9.00
453.00 422.00 9.00
454.00 423.00 9.00
455.00 424.00 9.00
456.00 425.00 9.00
457.00 426.00 9.00
458.00 427.00 9.00
459.00 428.00 9.00
460.00 429.00 8.90
461.00 430.00 8.90
462.00 431.00 8.90
463.00 432.00 8.90
464.00 433.00 8.90
465.00 434.00 8.90
466.00 435.00 8.90
467.00 436.00 8.90
468.00 437.00 8.90
469.00 438.00 8.90
470.00 438.00 8.90
471.00 439.00 8.90
472.00 440.00 8.80
473.00 441.00 8.80
474.00 442.00 8.80
475.00 443.00 8.70
476.00 444.00 8.70
477.00 445.00 8.70
478.00 446.00 8.70
479.00 447.00 8.70
480.00 448.00 8.70
481.00 449.00 8.70
482.00 449.00 8.70
483.00 450.00 8.70
484.00 451.00 8.70
485.00 452.00 8.60
486.00 453.00 8.60
487.00 454.00 8.50
488.00 455.00 8.50
489.00 456.00 8.50
490.00 457.00 8.50
491.00 458.00 8.50
492.00 459.00 8.50
493.00 460.00 8.50
494.00 460.00 8.40
495.00 461.00 8.40
496.00 462.00 8.40
497.00 463.00 8.40
498.00 464.00 8.40
499.00 465.00 8.20
500.00 466.00 8.20
501.00 467.00 8.20
502.00 468.00 8.20
503.00 469.00 8.20
504.00 470.00 8.20
505.00 471.00 8.20
506.00 472.00 8.20
507.00 473.00 8.20
508.00 474.00 8.20
509.00 475.00 8.20
510.00 476.00 8.20
511.00 477.00 8.20
512.00 478.00 8.20
513.00 479.00 8.20
514.00 479.00 8.20
515.00 480.00 8.20
516.00 481.00 8.10
517.00 482.00 8.10
518.00 483.00 8.10
519.00 484.00 8.10
520.00 485.00 8.10
521.00 486.00 8.10
522.00 487.00 8.10
523.00 488.00 8.10
524.00 489.00 8.10
525.00 490.00 8.10
526.00 491.00 8.10
527.00 491.00 8.00
528.00 492.00 8.00
529.00 492.00 8.00
530.00 493.00 8.00
531.00 494.00 8.00
532.00 495.00 8.00
533.00 496.00 8.00
534.00 497.00 7.80
535.00 498.00 7.80
536.00 499.00 7.80
537.00 500.00 7.80
538.00 501.00 7.80
539.00 502.00 7.80
540.00 503.00 7.80
541.00 504.00 7.80
542.00 505.00 7.80
543.00 506.00 7.80
544.00 507.00 7.80
545.00 508.00 7.80
546.00 509.00 7.80
547.00 510.00 7.80
548.00 511.00 7.80
549.00 512.00 7.80
550.00 513.00 7.80
551.00 514.00 7.80
552.00 514.00 7.80
553.00 515.00 7.80
554.00 515.00 7.60
555.00 516.00 7.60
556.00 517.00 7.50
557.00 518.00 7.50
558.00 519.00 7.50
559.00 520.00 7.50
560.00 521.00 7.50
561.00 522.00 7.50
562.00 523.00 7.50
563.00 524.00 7.50
564.00 525.00 7.50
565.00 526.00 7.50
566.00 527.00 7.50
567.00 528.00 7.50
568.00 529.00 7.40
569.00 530.00 7.40
570.00 531.00 7.40
571.00 532.00 7.40
572.00 533.00 7.40
573.00 534.00 7.40
574.00 535.00 7.40
575.00 536.00 7.40
576.00 537.00 7.40
577.00 538.00 7.40
578.00 538.00 7.40
579.00 539.00 7.40
580.00 540.00 7.40
581.00 541.00 7.40
582.00 542.00 7.40
583.00 543.00 7.40
584.00 543.00 7.30
585.00 544.00 7.20
586.00 545.00 7.20
587.00 546.00 7.20
588.00 547.00 7.20
589.00 548.00 7.20
590.00 549.00 7.20
591.00 550.00 7.20
592.00 551.00 7.20
593.00 552.00 7.10
594.00 553.00 7.10
595.00 554.00 7.10
596.00 555.00 7.10
597.00 556.00 7.10
598.00 557.00 7.10
599.00 558.00 7.10
600.00 559.00 7.10
601.00 560.00 7.10
602.00 561.00 7.10
603.00 561.00 7.10
604.00 562.00 7.10
605.00 562.00 7.10
606.00 563.00 7.10
607.00 564.00 6.90
608.00 565.00 6.90
609.00 566.00 6.90
610.00 567.00 6.90
611.00 568.00 6.90
612.00 569.00 6.90
613.00 570.00 6.90
614.00 571.00 6.90
615.00 572.00 6.90
616.00 573.00 6.90
617.00 574.00 6.90
618.00 575.00 6.90
619.00 576.00 6.90
620.00 577.00 6.90
621.00 578.00 6.90
622.00 578.00 7.00
623.00 578.00 6.90
624.00 579.00 6.90
625.00 580.00 6.80
626.00 581.00 6.80
627.00 582.00 6.80
628.00 583.00 6.80
629.00 584.00 6.80
630.00 585.00 6.80
631.00 586.00 6.80
632.00 587.00 6.80
633.00 588.00 6.70
634.00 589.00 6.70
635.00 590.00 6.70
636.00 591.00 6.70
637.00 592.00 6.70
638.00 593.00 6.70
639.00 594.00 6.70
640.00 595.00 6.70
641.00 595.00 6.70
642.00 596.00 6.70
643.00 597.00 6.70
644.00 598.00 6.70
645.00 599.00 6.70
646.00 600.00 6.70
647.00 601.00 6.70
648.00 602.00 6.70
649.00 602.00 6.70
650.00 603.00 6.70
651.00 604.00 6.70
652.00 605.00 6.60
653.00 606.00 6.60
654.00 607.00 6.60
655.00 608.00 6.60
656.00 609.00 6.50
657.00 610.00 6.50
658.00 611.00 6.50
659.00 612.00 6.50
660.00 613.00 6.50
661.00 614.00 6.50
662.00 615.00 6.50
663.00 615.00 6.50
664.00 616.00 6.50
665.00 617.00 6.50
666.00 618.00 6.40
667.00 619.00 6.40
668.00 620.00 6.40
669.00 621.00 6.40
670.00 622.00 6.40
671.00 623.00 6.40
672.00 624.00 6.40
673.00 625.00 6.40
674.00 626.00 6.40
675.00 627.00 6.40
676.00 627.00 6.40
677.00 628.00 6.40
678.00 629.00 6.40
679.00 630.00 6.40
680.00 631.00 6.30
681.00 632.00 6.30
682.00 633.00 6.30
683.00 634.00 6.30
684.00 635.00 6.30
685.00 636.00 6.20
686.00 637.00 6.20
687.00 638.00 6.20
688.00 638.00 6.20
689.00 639.00 6.20
690.00 640.00 6.20
691.00 641.00 6.20
692.00 642.00 6.20
693.00 643.00 6.10
694.00 644.00 6.10
695.00 645.00 6.10
696.00 646.00 6.10
697.00 647.00 6.10
698.00 648.00 6.10
699.00 649.00 6.10
700.00 650.00 6.10
701.00 623.00 8.30
702.00 643.00 5.80
703.00 644.00 5.70
704.00 645.00 5.70
705.00 646.00 5.70
706.00 647.00 5.60
707.00 648.00 5.60
708.00 649.00 5.60
709.00 650.00 5.60
710.00 651.00 5.60
711.00 652.00 5.60
712.00 653.00 5.60
713.00 654.00 5.60
714.00 655.00 5.60
715.00 656.00 5.60
716.00 657.00 5.60
717.00 658.00 5.60
718.00 659.00 5.60
719.00 660.00 5.60
720.00 661.00 5.60
721.00 662.00 5.60
722.00 663.00 5.60
723.00 664.00 5.60
724.00 665.00 5.60
725.00 666.00 5.60
726.00 667.00 5.60
727.00 668.00 5.60
728.00 669.00 5.60
729.00 670.00 5.60
730.00 671.00 5.60
731.00 672.00 5.60
732.00 673.00 5.60
733.00 674.00 5.60
734.00 675.00 5.60
735.00 676.00 5.60
736.00 677.00 5.60
737.00 678.00 5.60
738.00 679.00 5.60
739.00 680.00 5.60
740.00 681.00 5.60
741.00 682.00 5.60
742.00 683.00 5.60
743.00 684.00 5.60
744.00 685.00 5.60
745.00 686.00 5.60
746.00 687.00 5.60
747.00 688.00 5.60
748.00 689.00 5.60
749.00 690.00 5.60
750.00 691.00 5.60
751.00 692.00 5.60
752.00 693.00 5.60
753.00 694.00 5.60
754.00 695.00 5.60
755.00 696.00 5.60
756.00 697.00 5.60
757.00 698.00 5.60
758.00 699.00 5.60
759.00 700.00 5.60
760.00 701.00 5.60
761.00 702.00 5.60
762.00 703.00 5.60
763.00 704.00 5.60
764.00 705.00 5.60
765.00 706.00 5.60
766.00 707.00 5.60
767.00 708.00 5.60
768.00 709.00 5.60
769.00 710.00 5.60
770.00 711.00 5.60
771.00 712.00 5.60
772.00 713.00 5.60
773.00 713.00 5.60
774.00 714.00 5.60
775.00 715.00 5.60
776.00 715.00 5.60
777.00 716.00 5.60
778.00 717.00 5.40
779.00 718.00 5.40
780.00 719.00 5.40
781.00 720.00 5.40
782.00 721.00 5.40
783.00 722.00 5.40
784.00 723.00 5.40
785.00 724.00 5.40
786.00 725.00 5.40
787.00 726.00 5.40
788.00 727.00 5.40
789.00 728.00 5.40
790.00 729.00 5.40
791.00 730.00 5.40
792.00 731.00 5.40
793.00 732.00 5.40
794.00 733.00 5.40
795.00 734.00 5.40
796.00 735.00 5.40
797.00 736.00 5.40
798.00 737.00 5.40
799.00 737.00 5.40
800.00 738.00 5.40
801.00 739.00 5.40
802.00 740.00 5.40
803.00 741.00 5.40
804.00 742.00 5.40
805.00 742.00 5.40
806.00 743.00 5.40
807.00 744.00 5.40
808.00 745.00 5.40
809.00 746.00 5.40
810.00 747.00 5.40
811.00 747.00 5.40
812.00 748.00 5.40
813.00 749.00 5.30
814.00 750.00 5.30
815.00 751.00 5.30
816.00 752.00 5.20
817.00 753.00 5.20
818.00 754.00 5.20
819.00 755.00 5.20
820.00 756.00 5.20
821.00 757.00 5.20
822.00 758.00 5.20
823.00 759.00 5.20
824.00 760.00 5.20
825.00 761.00 5.20
826.00 762.00 5.20
827.00 763.00 5.20
828.00 764.00 5.20
829.00 765.00 5.20
830.00 766.00 5.20
831.00 766.00 5.20
832.00 767.00 5.20
833.00 768.00 5.20
834.00 768.00 5.20
835.00 769.00 5.20
836.00 770.00 5.20
837.00 771.00 5.20
838.00 772.00 5.20
839.00 773.00 5.20
840.00 773.00 5.20
841.00 774.00 5.20
842.00 775.00 5.20
843.00 776.00 5.10
844.00 777.00 5.00
845.00 778.00 5.00
846.00 779.00 5.00
847.00 780.00 5.00
848.00 781.00 5.00
849.00 782.00 5.00
850.00 783.00 5.00
851.00 784.00 5.00
852.00 785.00 5.00
853.00 786.00 5.00
854.00 787.00 5.00
855.00 788.00 5.00
856.00 789.00 5.00
857.00 790.00 5.00
858.00 790.00 5.00
859.00 791.00 5.00
860.00 792.00 5.00
861.00 793.00 5.00
862.00 794.00 5.00
863.00 795.00 5.00
864.00 795.00 5.00
865.00 796.00 5.00
866.00 797.00 5.00
867.00 798.00 5.00
868.00 799.00 5.00
869.00 799.00 5.00
870.00 800.00 5.00
871.00 801.00 5.00
872.00 802.00 5.00
873.00 803.00 5.00
874.00 804.00 5.00
875.00 805.00 5.00
876.00 806.00 5.00
877.00 807.00 5.00
878.00 808.00 5.00
879.00 809.00 5.00
880.00 809.00 4.90
881.00 810.00 4.90
882.00 811.00 4.90
883.00 812.00 4.90
884.00 813.00 4.90
885.00 814.00 4.90
886.00 815.00 4.90
887.00 816.00 4.90
888.00 817.00 4.90
889.00 818.00 4.90
890.00 819.00 4.90
891.00 820.00 4.90
892.00 820.00 4.90
893.00 820.00 4.90
894.00 821.00 4.90
895.00 822.00 4.90
896.00 823.00 4.70
897.00 824.00 4.70
898.00 825.00 4.70
899.00 826.00 4.70
900.00 827.00 4.70
901.00 828.00 4.70
902.00 829.00 4.70
903.00 830.00 4.70
904.00 831.00 4.70
905.00 832.00 4.70
906.00 833.00 4.70
907.00 834.00 4.70
908.00 835.00 4.70
909.00 836.00 4.70
910.00 837.00 4.70
911.00 837.00 4.70
912.00 838.00 4.70
913.00 839.00 4.70
914.00 840.00 4.70
915.00 841.00 4.70
916.00 842.00 4.70
917.00 843.00 4.70
918.00 844.00 4.70
919.00 845.00 4.70
920.00 846.00 4.70
921.00 847.00 4.70
922.00 847.00 4.70
923.00 848.00 4.70
924.00 849.00 4.70
925.00 850.00 4.70
926.00 851.00 4.70
927.00 852.00 4.70
928.00 852.00 4.70
929.00 853.00 4.70
930.00 854.00 4.70
931.00 855.00 4.70
932.00 856.00 4.70
933.00 857.00 4.70
934.00 858.00 4.70
935.00 859.00 4.70
936.00 860.00 4.70
937.00 861.00 4.70
938.00 862.00 4.70
939.00 862.00 4.70
940.00 862.00 4.70
941.00 863.00 4.70
942.00 864.00 4.70
943.00 865.00 4.70
944.00 866.00 4.70
945.00 867.00 4.70
946.00 868.00 4.70
947.00 869.00 4.70
948.00 870.00 4.70
949.00 871.00 4.70
950.00 872.00 4.70
951.00 873.00 4.60
952.00 874.00 4.60
953.00 875.00 4.60
954.00 876.00 4.60
955.00 877.00 4.60
956.00 878.00 4.60
957.00 879.00 4.60
958.00 879.00 4.60
959.00 880.00 4.60
960.00 881.00 4.50
961.00 882.00 4.50
962.00 883.00 4.50
963.00 884.00 4.50
964.00 885.00 4.50
965.00 886.00 4.50
966.00 887.00 4.50
967.00 888.00 4.50
968.00 889.00 4.50
969.00 889.00 4.50
970.00 890.00 4.50
971.00 891.00 4.50
972.00 892.00 4.50
973.00 893.00 4.50
974.00 894.00 4.50
975.00 894.00 4.60
976.00 895.00 4.60
977.00 896.00 4.60
978.00 897.00 4.60
979.00 898.00 4.60
980.00 899.00 4.50
981.00 900.00 4.50
982.00 901.00 4.50
983.00 902.00 4.50
984.00 903.00 4.50
985.00 904.00 4.50
986.00 905.00 4.50
987.00 906.00 4.50
988.00 907.00 4.50
989.00 908.00 4.50
990.00 908.00 4.50
991.00 909.00 4.50
992.00 910.00 4.50
993.00 911.00 4.50
994.00 912.00 4.50
995.00 913.00 4.50
996.00 914.00 4.50
997.00 914.00 4.50
998.00 915.00 4.50
999.00 916.00 4.50
1000.00 917.00 4.50
1001.00 920.00 4.50
1002.00 919.00 4.60
1003.00 920.00 4.60
1004.00 921.00 4.60
1005.00 920.00 4.70
1006.00 921.00 4.60
1007.00 922.00 4.60
1008.00 923.00 4.60
1009.00 924.00 4.60
1010.00 925.00 4.60
1011.00 926.00 4.60
1012.00 927.00 4.60
1013.00 928.00 4.60
1014.00 929.00 4.60
1015.00 930.00 4.50
1016.00 931.00 4.50
1017.00 932.00 4.50
1018.00 933.00 4.50
1019.00 934.00 4.50
1020.00 935.00 4.50
1021.00 936.00 4.50
1022.00 937.00 4.50
1023.00 938.00 4.50
1024.00 939.00 4.50
1025.00 940.00 4.50
1026.00 941.00 4.50
1027.00 942.00 4.50
1028.00 942.00 4.50
1029.00 943.00 4.50
1030.00 943.00 4.60
1031.00 944.00 4.50
1032.00 945.00 4.50
1033.00 946.00 4.50
1034.00 947.00 4.50
1035.00 948.00 4.50
1036.00 949.00 4.50
1037.00 950.00 4.50
1038.00 951.00 4.50
1039.00 952.00 4.50
1040.00 953.00 4.50
1041.00 954.00 4.50
1042.00 955.00 4.50
1043.00 955.00 4.50
1044.00 956.00 4.50
1045.00 957.00 4.50
1046.00 958.00 4.50
1047.00 959.00 4.50
1048.00 960.00 4.50
1049.00 961.00 4.50
1050.00 962.00 4.50
1051.00 963.00 4.50
1052.00 963.00 4.50
1053.00 964.00 4.50
1054.00 965.00 4.50
1055.00 966.00 4.50
1056.00 966.00 4.50
1057.00 966.00 4.50
1058.00 967.00 4.50
1059.00 968.00 4.40
1060.00 969.00 4.40
1061.00 970.00 4.40
1062.00 971.00 4.40
1063.00 972.00 4.40
1064.00 973.00 4.40
1065.00 974.00 4.40
1066.00 975.00 4.40
1067.00 976.00 4.40
1068.00 977.00 4.40
1069.00 978.00 4.40
1070.00 979.00 4.40
1071.00 980.00 4.40
1072.00 981.00 4.40
1073.00 982.00 4.40
1074.00 983.00 4.40
1075.00 984.00 4.40
1076.00 984.00 4.40
1077.00 985.00 4.40
1078.00 986.00 4.40
1079.00 987.00 4.40
1080.00 988.00 4.40
1081.00 989.00 4.40
1082.00 990.00 4.40
1083.00 991.00 4.40
1084.00 991.00 4.30
1085.00 992.00 4.30
1086.00 993.00 4.30
1087.00 994.00 4.40
1088.00 995.00 4.40
1089.00 996.00 4.40
1090.00 997.00 4.40
1091.00 998.00 4.40
1092.00 999.00 4.40
1093.00 999.00 4.40
1094.00 1000.00 4.40
1095.00 1001.00 4.40
1096.00 1002.00 4.40
1097.00 1003.00 4.40
1098.00 1003.00 4.30
1099.00 1004.00 4.30
1100.00 1005.00 4.30
1101.00 1006.00 4.30
1102.00 1007.00 4.30
1103.00 1008.00 4.30
1104.00 1009.00 4.30
1105.00 1010.00 4.30
1106.00 1011.00 4.30
1107.00 1012.00 4.30
1108.00 1013.00 4.30
1109.00 1014.00 4.30
1110.00 1015.00 4.30
1111.00 1016.00 4.30
1112.00 1017.00 4.30
1113.00 1018.00 4.30
1114.00 1019.00 4.40
1115.00 1019.00 4.40
1116.00 1020.00 4.40
1117.00 1021.00 4.40
1118.00 1022.00 4.40
1119.00 1023.00 4.40
1120.00 1024.00 4.30
1121.00 1025.00 4.30
1122.00 1026.00 4.30
1123.00 1027.00 4.30
1124.00 1028.00 4.30
1125.00 1029.00 4.30
1126.00 1030.00 4.30
1127.00 1031.00 4.30
1128.00 1032.00 4.30
1129.00 1033.00 4.30
1130.00 1034.00 4.30
1131.00 1035.00 4.30
1132.00 1036.00 4.30
1133.00 1037.00 4.30
1134.00 1037.00 4.30
1135.00 1038.00 4.30
1136.00 1039.00 4.30
1137.00 1040.00 4.30
1138.00 1041.00 4.30
1139.00 1042.00 4.30
1140.00 1042.00 4.30
1141.00 1043.00 4.30
1142.00 1044.00 4.30
1143.00 1045.00 4.30
1144.00 1046.00 4.30
1145.00 1047.00 4.30
1146.00 1048.00 4.30
1147.00 1049.00 4.30
1148.00 1049.00 4.40
1149.00 1050.00 4.40
1150.00 1051.00 4.30
1151.00 1052.00 4.30
1152.00 1053.00 4.30
1153.00 1054.00 4.30
1154.00 1055.00 4.30
1155.00 1056.00 4.30
1156.00 1057.00 4.30
1157.00 1058.00 4.30
1158.00 1059.00 4.30
1159.00 1060.00 4.30
1160.00 1061.00 4.30
1161.00 1062.00 4.30
1162.00 1063.00 4.30
1163.00 1064.00 4.30
1164.00 1065.00 4.30
1165.00 1066.00 4.30
1166.00 1066.00 4.30
1167.00 1067.00 4.30
1168.00 1068.00 4.30
1169.00 1069.00 4.30
1170.00 1070.00 4.30
1171.00 1071.00 4.30
1172.00 1072.00 4.30
1173.00 1072.00 4.30
1174.00 1073.00 4.30
1175.00 1074.00 4.30
1176.00 1075.00 4.30
1177.00 1076.00 4.40
1178.00 1077.00 4.40
1179.00 1078.00 4.40
1180.00 1079.00 4.40
1181.00 1078.00 4.40
1182.00 1079.00 4.40
1183.00 1080.00 4.40
1184.00 1081.00 4.30
1185.00 1082.00 4.30
1186.00 1083.00 4.30
1187.00 1084.00 4.30
1188.00 1085.00 4.30
1189.00 1086.00 4.30
1190.00 1087.00 4.30
1191.00 1088.00 4.30
1192.00 1089.00 4.30
1193.00 1090.00 4.30
1194.00 1090.00 4.40
1195.00 1091.00 4.30
1196.00 1092.00 4.30
1197.00 1093.00 4.30
1198.00 1094.00 4.30
1199.00 1095.00 4.30
1200.00 1096.00 4.30
1201.00 1097.00 4.30
1202.00 1098.00 4.30
1203.00 1099.00 4.30
1204.00 1100.00 4.30
1205.00 1101.00 4.30
1206.00 1102.00 4.30
1207.00 1103.00 4.30
1208.00 1104.00 4.30
1209.00 1105.00 4.30
1210.00 1106.00 4.30
1211.00 1107.00 4.30
1212.00 1108.00 4.30
1213.00 1109.00 4.30
1214.00 1110.00 4.30
1215.00 1111.00 4.30
1216.00 1112.00 4.30
1217.00 1113.00 4.30
1218.00 1114.00 4.30
1219.00 1115.00 4.30
1220.00 1116.00 4.30
1221.00 1117.00 4.30
1222.00 1118.00 4.30
1223.00 1118.00 4.30
1224.00 1119.00 4.30
1225.00 1119.00 4.30
1226.00 1120.00 4.30
1227.00 1121.00 4.30
1228.00 1122.00 4.30
1229.00 1123.00 4.30
1230.00 1124.00 4.30
1231.00 1125.00 4.30
1232.00 1125.00 4.30
1233.00 1126.00 4.30
