#[channel 2 V, channel 3 V, channel 3 phase]
5.00000e+01 4.82000e+01 1.45000e+01
5.10000e+01 4.92000e+01 1.53000e+01
5.20000e+01 5.02000e+01 1.53000e+01
5.30000e+01 5.06000e+01 1.54000e+01
5.40000e+01 5.07000e+01 1.54000e+01
5.50000e+01 5.17000e+01 1.50000e+01
5.60000e+01 5.30000e+01 1.50000e+01
5.70000e+01 5.40000e+01 1.50000e+01
5.80000e+01 5.50000e+01 1.50000e+01
5.90000e+01 5.54000e+01 1.50000e+01
6.00000e+01 5.64000e+01 1.50000e+01
6.10000e+01 5.74000e+01 1.49000e+01
6.20000e+01 5.84000e+01 1.49000e+01
6.30000e+01 5.94000e+01 1.49000e+01
6.40000e+01 6.04000e+01 1.49000e+01
6.50000e+01 6.14000e+01 1.49000e+01
6.60000e+01 6.24000e+01 1.49000e+01
6.70000e+01 6.34000e+01 1.49000e+01
6.80000e+01 6.44000e+01 1.49000e+01
6.90000e+01 6.50000e+01 1.47000e+01
7.00000e+01 6.60000e+01 1.46000e+01
7.10000e+01 6.70000e+01 1.48000e+01
7.20000e+01 6.74000e+01 1.48000e+01
7.30000e+01 6.84000e+01 1.48000e+01
7.40000e+01 6.94000e+01 1.48000e+01
7.50000e+01 7.04000e+01 1.48000e+01
7.60000e+01 7.14000e+01 1.48000e+01
7.70000e+01 7.23000e+01 1.49000e+01
7.80000e+01 7.33000e+01 1.49000e+01
7.90000e+01 7.43000e+01 1.49000e+01
8.00000e+01 7.53000e+01 1.49000e+01
8.10000e+01 7.63000e+01 1.49000e+01
8.20000e+01 7.73000e+01 1.49000e+01
8.30000e+01 7.83000e+01 1.49000e+01
8.40000e+01 7.93000e+01 1.49000e+01
8.50000e+01 7.95000e+01 1.44000e+01
8.60000e+01 8.05000e+01 1.44000e+01
8.70000e+01 8.15000e+01 1.44000e+01
8.80000e+01 8.25000e+01 1.44000e+01
8.90000e+01 8.31000e+01 1.46000e+01
9.00000e+01 8.41000e+01 1.46000e+01
9.10000e+01 8.51000e+01 1.46000e+01
9.20000e+01 8.61000e+01 1.46000e+01
9.30000e+01 8.71000e+01 1.46000e+01
9.40000e+01 8.79000e+01 1.46000e+01
9.50000e+01 8.89000e+01 1.46000e+01
9.60000e+01 8.99000e+01 1.46000e+01
9.70000e+01 9.09000e+01 1.46000e+01
9.80000e+01 9.16000e+01 1.43000e+01
9.90000e+01 9.26000e+01 1.42000e+01
1.00000e+02 9.36000e+01 1.45000e+01
