#[channel 2 V, channel 3 V, channel 3 phase]
1.00100e+03 9.26000e+02 5.20000e+00
1.00200e+03 9.20000e+02 5.30000e+00
1.00300e+03 9.21000e+02 5.30000e+00
1.00400e+03 9.22000e+02 5.30000e+00
1.00500e+03 9.23000e+02 5.30000e+00
1.00600e+03 9.24000e+02 5.30000e+00
1.00700e+03 9.25000e+02 5.30000e+00
1.00800e+03 9.26000e+02 5.30000e+00
1.00900e+03 9.27000e+02 5.30000e+00
1.01000e+03 9.28000e+02 5.30000e+00
1.01100e+03 9.29000e+02 5.30000e+00
1.01200e+03 9.30000e+02 5.30000e+00
1.01300e+03 9.30000e+02 5.30000e+00
1.01400e+03 9.31000e+02 5.30000e+00
1.01500e+03 9.32000e+02 5.30000e+00
1.01600e+03 9.32000e+02 5.30000e+00
1.01700e+03 9.33000e+02 5.30000e+00
1.01800e+03 9.34000e+02 5.30000e+00
1.01900e+03 9.35000e+02 5.20000e+00
1.02000e+03 9.36000e+02 5.20000e+00
1.02100e+03 9.37000e+02 5.20000e+00
1.02200e+03 9.38000e+02 5.20000e+00
1.02300e+03 9.39000e+02 5.20000e+00
1.02400e+03 9.40000e+02 5.20000e+00
1.02500e+03 9.41000e+02 5.20000e+00
1.02600e+03 9.42000e+02 5.20000e+00
1.02700e+03 9.43000e+02 5.20000e+00
1.02800e+03 9.43000e+02 5.30000e+00
1.02900e+03 9.44000e+02 5.30000e+00
1.03000e+03 9.45000e+02 5.30000e+00
1.03100e+03 9.46000e+02 5.30000e+00
1.03200e+03 9.47000e+02 5.30000e+00
1.03300e+03 9.48000e+02 5.30000e+00
1.03400e+03 9.49000e+02 5.30000e+00
1.03500e+03 9.49000e+02 5.30000e+00
1.03600e+03 9.50000e+02 5.30000e+00
1.03700e+03 9.51000e+02 5.30000e+00
1.03800e+03 9.52000e+02 5.30000e+00
1.03900e+03 9.53000e+02 5.30000e+00
1.04000e+03 9.54000e+02 5.20000e+00
1.04100e+03 9.55000e+02 5.20000e+00
1.04200e+03 9.56000e+02 5.20000e+00
1.04300e+03 9.57000e+02 5.20000e+00
1.04400e+03 9.58000e+02 5.20000e+00
1.04500e+03 9.59000e+02 5.20000e+00
1.04600e+03 9.60000e+02 5.20000e+00
1.04700e+03 9.61000e+02 5.20000e+00
1.04800e+03 9.62000e+02 5.20000e+00
1.04900e+03 9.63000e+02 5.20000e+00
1.05000e+03 9.64000e+02 5.20000e+00
1.05100e+03 9.65000e+02 5.20000e+00
1.05200e+03 9.65000e+02 5.30000e+00
1.05300e+03 9.66000e+02 5.30000e+00
1.05400e+03 9.67000e+02 5.30000e+00
1.05500e+03 9.68000e+02 5.30000e+00
1.05600e+03 9.69000e+02 5.30000e+00
1.05700e+03 9.70000e+02 5.30000e+00
1.05800e+03 9.70000e+02 5.30000e+00
1.05900e+03 9.71000e+02 5.30000e+00
1.06000e+03 9.72000e+02 5.20000e+00
1.06100e+03 9.73000e+02 5.20000e+00
1.06200e+03 9.74000e+02 5.20000e+00
1.06300e+03 9.75000e+02 5.20000e+00
1.06400e+03 9.76000e+02 5.20000e+00
1.06500e+03 9.77000e+02 5.30000e+00
1.06600e+03 9.78000e+02 5.20000e+00
1.06700e+03 9.79000e+02 5.20000e+00
1.06800e+03 9.80000e+02 5.20000e+00
1.06900e+03 9.81000e+02 5.20000e+00
1.07000e+03 9.82000e+02 5.20000e+00
1.07100e+03 9.83000e+02 5.20000e+00
1.07200e+03 9.84000e+02 5.20000e+00
1.07300e+03 9.85000e+02 5.20000e+00
1.07400e+03 9.86000e+02 5.20000e+00
1.07500e+03 9.87000e+02 5.20000e+00
1.07600e+03 9.87000e+02 5.30000e+00
1.07700e+03 9.88000e+02 5.30000e+00
1.07800e+03 9.89000e+02 5.30000e+00
1.07900e+03 9.89000e+02 5.30000e+00
1.08000e+03 9.90000e+02 5.20000e+00
1.08100e+03 9.91000e+02 5.20000e+00
1.08200e+03 9.92000e+02 5.20000e+00
1.08300e+03 9.93000e+02 5.20000e+00
1.08400e+03 9.94000e+02 5.20000e+00
1.08500e+03 9.95000e+02 5.20000e+00
1.08600e+03 9.96000e+02 5.20000e+00
1.08700e+03 9.97000e+02 5.20000e+00
1.08800e+03 9.98000e+02 5.20000e+00
1.08900e+03 9.99000e+02 5.20000e+00
1.09000e+03 1.00000e+03 5.20000e+00
1.09100e+03 1.00100e+03 5.20000e+00
1.09200e+03 1.00200e+03 5.20000e+00
1.09300e+03 1.00300e+03 5.20000e+00
1.09400e+03 1.00400e+03 5.20000e+00
1.09500e+03 1.00500e+03 5.20000e+00
1.09600e+03 1.00600e+03 5.20000e+00
1.09700e+03 1.00700e+03 5.20000e+00
1.09800e+03 1.00700e+03 5.20000e+00
1.09900e+03 1.00800e+03 5.20000e+00
1.10000e+03 1.00900e+03 5.20000e+00
1.10100e+03 1.01000e+03 5.20000e+00
1.10200e+03 1.01100e+03 5.20000e+00
1.10300e+03 1.01200e+03 5.10000e+00
1.10400e+03 1.01300e+03 5.10000e+00
1.10500e+03 1.01400e+03 5.10000e+00
1.10600e+03 1.01500e+03 5.10000e+00
1.10700e+03 1.01600e+03 5.10000e+00
1.10800e+03 1.01700e+03 5.10000e+00
1.10900e+03 1.01800e+03 5.10000e+00
1.11000e+03 1.01800e+03 5.10000e+00
1.11100e+03 1.01900e+03 5.10000e+00
1.11200e+03 1.02000e+03 5.20000e+00
1.11300e+03 1.02100e+03 5.20000e+00
1.11400e+03 1.02200e+03 5.10000e+00
1.11500e+03 1.02300e+03 5.10000e+00
1.11600e+03 1.02400e+03 5.10000e+00
1.11700e+03 1.02500e+03 5.10000e+00
1.11800e+03 1.02600e+03 5.10000e+00
1.11900e+03 1.02700e+03 5.10000e+00
1.12000e+03 1.02800e+03 5.10000e+00
1.12100e+03 1.02900e+03 5.10000e+00
1.12200e+03 1.02900e+03 5.20000e+00
1.12300e+03 1.03000e+03 5.20000e+00
1.12400e+03 1.03000e+03 5.10000e+00
1.12500e+03 1.03100e+03 5.20000e+00
1.12600e+03 1.03200e+03 5.10000e+00
1.12700e+03 1.03300e+03 5.10000e+00
1.12800e+03 1.03400e+03 5.10000e+00
1.12900e+03 1.03500e+03 5.10000e+00
1.13000e+03 1.03600e+03 5.00000e+00
1.13100e+03 1.03700e+03 5.00000e+00
1.13200e+03 1.03800e+03 5.00000e+00
1.13300e+03 1.03900e+03 5.00000e+00
1.13400e+03 1.04000e+03 5.00000e+00
1.13500e+03 1.04100e+03 5.00000e+00
1.13600e+03 1.04200e+03 5.00000e+00
1.13700e+03 1.04300e+03 5.00000e+00
1.13800e+03 1.04400e+03 5.00000e+00
1.13900e+03 1.04500e+03 5.00000e+00
1.14000e+03 1.04500e+03 5.10000e+00
1.14100e+03 1.04600e+03 5.10000e+00
1.14200e+03 1.04700e+03 5.10000e+00
1.14300e+03 1.04800e+03 5.10000e+00
1.14400e+03 1.04900e+03 5.10000e+00
1.14500e+03 1.04900e+03 5.10000e+00
1.14600e+03 1.05000e+03 5.10000e+00
1.14700e+03 1.05100e+03 5.10000e+00
1.14800e+03 1.05200e+03 5.10000e+00
1.14900e+03 1.05300e+03 5.10000e+00
1.15000e+03 1.05400e+03 5.10000e+00
1.15100e+03 1.05500e+03 5.10000e+00
1.15200e+03 1.05600e+03 5.10000e+00
1.15300e+03 1.05700e+03 5.10000e+00
1.15400e+03 1.05800e+03 5.10000e+00
1.15500e+03 1.05900e+03 5.10000e+00
1.15600e+03 1.06000e+03 5.10000e+00
1.15700e+03 1.06000e+03 5.10000e+00
1.15800e+03 1.06100e+03 5.10000e+00
1.15900e+03 1.06200e+03 5.10000e+00
1.16000e+03 1.06300e+03 5.10000e+00
1.16100e+03 1.06400e+03 5.10000e+00
1.16200e+03 1.06500e+03 5.10000e+00
1.16300e+03 1.06600e+03 5.10000e+00
1.16400e+03 1.06700e+03 5.10000e+00
1.16500e+03 1.06800e+03 5.10000e+00
1.16600e+03 1.06900e+03 5.20000e+00
1.16700e+03 1.06900e+03 5.10000e+00
1.16800e+03 1.07000e+03 5.10000e+00
1.16900e+03 1.07100e+03 5.10000e+00
1.17000e+03 1.07200e+03 5.10000e+00
1.17100e+03 1.07300e+03 5.10000e+00
1.17200e+03 1.07400e+03 5.10000e+00
1.17300e+03 1.07500e+03 5.10000e+00
1.17400e+03 1.07600e+03 5.10000e+00
1.17500e+03 1.07700e+03 5.10000e+00
1.17600e+03 1.07800e+03 5.10000e+00
1.17700e+03 1.07900e+03 5.10000e+00
1.17800e+03 1.08000e+03 5.00000e+00
1.17900e+03 1.08100e+03 5.00000e+00
1.18000e+03 1.08200e+03 5.00000e+00
1.18100e+03 1.08300e+03 5.00000e+00
1.18200e+03 1.08400e+03 5.00000e+00
1.18300e+03 1.08500e+03 5.00000e+00
1.18400e+03 1.08600e+03 5.00000e+00
1.18500e+03 1.08700e+03 5.00000e+00
1.18600e+03 1.08800e+03 5.00000e+00
1.18700e+03 1.08900e+03 5.00000e+00
1.18800e+03 1.09000e+03 5.00000e+00
1.18900e+03 1.09100e+03 5.00000e+00
1.19000e+03 1.09200e+03 5.00000e+00
1.19100e+03 1.09300e+03 5.00000e+00
1.19200e+03 1.09400e+03 5.00000e+00
1.19300e+03 1.09500e+03 5.00000e+00
1.19400e+03 1.09500e+03 5.10000e+00
1.19500e+03 1.09600e+03 5.10000e+00
1.19600e+03 1.09600e+03 5.10000e+00
1.19700e+03 1.09700e+03 5.10000e+00
1.19800e+03 1.09800e+03 5.10000e+00
1.19900e+03 1.09900e+03 5.00000e+00
1.20000e+03 1.10000e+03 5.00000e+00
1.20100e+03 1.10100e+03 5.00000e+00
1.20200e+03 1.10200e+03 5.00000e+00
1.20300e+03 1.10300e+03 5.00000e+00
1.20400e+03 1.10400e+03 5.10000e+00
1.20500e+03 1.10500e+03 5.10000e+00
1.20600e+03 1.10600e+03 5.10000e+00
1.20700e+03 1.10700e+03 5.00000e+00
1.20800e+03 1.10800e+03 5.00000e+00
1.20900e+03 1.10900e+03 5.00000e+00
1.21000e+03 1.11000e+03 5.00000e+00
1.21100e+03 1.11100e+03 5.00000e+00
1.21200e+03 1.11200e+03 5.00000e+00
1.21300e+03 1.11200e+03 5.00000e+00
1.21400e+03 1.11300e+03 5.00000e+00
1.21500e+03 1.11400e+03 5.00000e+00
1.21600e+03 1.11500e+03 5.00000e+00
1.21700e+03 1.11600e+03 5.00000e+00
1.21800e+03 1.11700e+03 5.00000e+00
1.21900e+03 1.11800e+03 5.00000e+00
1.22000e+03 1.11900e+03 5.00000e+00
1.22100e+03 1.12000e+03 5.00000e+00
1.22200e+03 1.12100e+03 5.00000e+00
1.22300e+03 1.12200e+03 5.00000e+00
1.22400e+03 1.12300e+03 5.00000e+00
1.22500e+03 1.12400e+03 5.00000e+00
1.22600e+03 1.12500e+03 5.00000e+00
1.22700e+03 1.12600e+03 5.00000e+00
1.22800e+03 1.12500e+03 5.10000e+00
1.22900e+03 1.12600e+03 5.10000e+00
1.23000e+03 1.12700e+03 5.10000e+00
1.23100e+03 1.12800e+03 5.10000e+00
1.23200e+03 1.12900e+03 5.10000e+00
1.23300e+03 1.13000e+03 5.00000e+00
