#[channel 2 V, channel 3 V, channel 3 phase]
4.01000e+02 3.72000e+02 1.05000e+01
4.02000e+02 3.73000e+02 1.04000e+01
4.03000e+02 3.74000e+02 1.03000e+01
4.04000e+02 3.75000e+02 1.03000e+01
4.05000e+02 3.76000e+02 1.03000e+01
4.06000e+02 3.77000e+02 1.03000e+01
4.07000e+02 3.78000e+02 1.03000e+01
4.08000e+02 3.79000e+02 1.03000e+01
4.09000e+02 3.80000e+02 1.03000e+01
4.10000e+02 3.81000e+02 1.03000e+01
4.11000e+02 3.82000e+02 1.03000e+01
4.12000e+02 3.83000e+02 1.03000e+01
4.13000e+02 3.84000e+02 1.03000e+01
4.14000e+02 3.85000e+02 1.03000e+01
4.15000e+02 3.86000e+02 1.02000e+01
4.16000e+02 3.87000e+02 1.02000e+01
4.17000e+02 3.88000e+02 1.03000e+01
4.18000e+02 3.88000e+02 1.02000e+01
4.19000e+02 3.89000e+02 1.02000e+01
4.20000e+02 3.90000e+02 1.01000e+01
4.21000e+02 3.91000e+02 1.01000e+01
4.22000e+02 3.92000e+02 1.00000e+01
4.23000e+02 3.93000e+02 1.00000e+01
4.24000e+02 3.94000e+02 1.00000e+01
4.25000e+02 3.95000e+02 1.00000e+01
4.26000e+02 3.96000e+02 1.00000e+01
4.27000e+02 3.97000e+02 1.00000e+01
4.28000e+02 3.98000e+02 1.00000e+01
4.29000e+02 3.98000e+02 1.00000e+01
4.30000e+02 3.99000e+02 1.00000e+01
4.31000e+02 4.00000e+02 1.00000e+01
4.32000e+02 4.01000e+02 1.00000e+01
4.33000e+02 4.02000e+02 1.00000e+01
4.34000e+02 4.03000e+02 1.00000e+01
4.35000e+02 4.04000e+02 1.00000e+01
4.36000e+02 4.05000e+02 1.00000e+01
4.37000e+02 4.06000e+02 1.00000e+01
4.38000e+02 4.07000e+02 1.00000e+01
4.39000e+02 4.08000e+02 1.00000e+01
4.40000e+02 4.09000e+02 1.00000e+01
4.41000e+02 4.09000e+02 9.90000e+00
4.42000e+02 4.10000e+02 9.90000e+00
4.43000e+02 4.11000e+02 9.90000e+00
4.44000e+02 4.12000e+02 9.70000e+00
4.45000e+02 4.13000e+02 9.70000e+00
4.46000e+02 4.14000e+02 9.70000e+00
4.47000e+02 4.15000e+02 9.70000e+00
4.48000e+02 4.16000e+02 9.70000e+00
4.49000e+02 4.17000e+02 9.70000e+00
4.50000e+02 4.18000e+02 9.70000e+00
4.51000e+02 4.19000e+02 9.70000e+00
4.52000e+02 4.20000e+02 9.70000e+00
4.53000e+02 4.21000e+02 9.70000e+00
4.54000e+02 4.22000e+02 9.70000e+00
4.55000e+02 4.23000e+02 9.70000e+00
4.56000e+02 4.24000e+02 9.70000e+00
4.57000e+02 4.25000e+02 9.70000e+00
4.58000e+02 4.25000e+02 9.70000e+00
4.59000e+02 4.26000e+02 9.70000e+00
4.60000e+02 4.27000e+02 9.60000e+00
4.61000e+02 4.28000e+02 9.60000e+00
4.62000e+02 4.29000e+02 9.60000e+00
4.63000e+02 4.30000e+02 9.60000e+00
4.64000e+02 4.31000e+02 9.50000e+00
4.65000e+02 4.32000e+02 9.50000e+00
4.66000e+02 4.33000e+02 9.50000e+00
4.67000e+02 4.34000e+02 9.50000e+00
4.68000e+02 4.35000e+02 9.50000e+00
4.69000e+02 4.36000e+02 9.50000e+00
4.70000e+02 4.37000e+02 9.50000e+00
4.71000e+02 4.38000e+02 9.50000e+00
4.72000e+02 4.39000e+02 9.50000e+00
4.73000e+02 4.40000e+02 9.50000e+00
4.74000e+02 4.41000e+02 9.40000e+00
4.75000e+02 4.42000e+02 9.40000e+00
4.76000e+02 4.43000e+02 9.40000e+00
4.77000e+02 4.43000e+02 9.40000e+00
4.78000e+02 4.44000e+02 9.30000e+00
4.79000e+02 4.45000e+02 9.30000e+00
4.80000e+02 4.46000e+02 9.30000e+00
4.81000e+02 4.47000e+02 9.40000e+00
4.82000e+02 4.48000e+02 9.40000e+00
4.83000e+02 4.49000e+02 9.40000e+00
4.84000e+02 4.50000e+02 9.40000e+00
4.85000e+02 4.50000e+02 9.20000e+00
4.86000e+02 4.51000e+02 9.20000e+00
4.87000e+02 4.52000e+02 9.20000e+00
4.88000e+02 4.53000e+02 9.20000e+00
4.89000e+02 4.54000e+02 9.10000e+00
4.90000e+02 4.55000e+02 9.10000e+00
4.91000e+02 4.56000e+02 9.10000e+00
4.92000e+02 4.57000e+02 9.10000e+00
4.93000e+02 4.58000e+02 9.00000e+00
4.94000e+02 4.59000e+02 9.00000e+00
4.95000e+02 4.60000e+02 9.00000e+00
4.96000e+02 4.61000e+02 9.10000e+00
4.97000e+02 4.62000e+02 9.10000e+00
4.98000e+02 4.63000e+02 9.10000e+00
4.99000e+02 4.64000e+02 9.10000e+00
5.00000e+02 4.65000e+02 9.10000e+00
5.01000e+02 4.66000e+02 9.10000e+00
5.02000e+02 4.67000e+02 9.10000e+00
5.03000e+02 4.68000e+02 9.10000e+00
5.04000e+02 4.69000e+02 9.10000e+00
5.05000e+02 4.70000e+02 9.10000e+00
5.06000e+02 4.70000e+02 9.00000e+00
5.07000e+02 4.71000e+02 9.00000e+00
5.08000e+02 4.72000e+02 9.00000e+00
5.09000e+02 4.73000e+02 8.90000e+00
5.10000e+02 4.74000e+02 8.90000e+00
5.11000e+02 4.75000e+02 8.90000e+00
5.12000e+02 4.76000e+02 8.90000e+00
5.13000e+02 4.77000e+02 8.90000e+00
5.14000e+02 4.78000e+02 8.90000e+00
5.15000e+02 4.79000e+02 8.90000e+00
5.16000e+02 4.80000e+02 8.90000e+00
5.17000e+02 4.80000e+02 8.90000e+00
5.18000e+02 4.81000e+02 8.90000e+00
5.19000e+02 4.82000e+02 8.80000e+00
5.20000e+02 4.83000e+02 8.80000e+00
5.21000e+02 4.84000e+02 8.70000e+00
5.22000e+02 4.85000e+02 8.80000e+00
5.23000e+02 4.86000e+02 8.80000e+00
5.24000e+02 4.87000e+02 8.80000e+00
5.25000e+02 4.88000e+02 8.70000e+00
5.26000e+02 4.89000e+02 8.70000e+00
5.27000e+02 4.90000e+02 8.70000e+00
5.28000e+02 4.91000e+02 8.70000e+00
5.29000e+02 4.92000e+02 8.70000e+00
5.30000e+02 4.92000e+02 8.70000e+00
5.31000e+02 4.93000e+02 8.70000e+00
5.32000e+02 4.94000e+02 8.60000e+00
5.33000e+02 4.95000e+02 8.60000e+00
5.34000e+02 4.96000e+02 8.60000e+00
5.35000e+02 4.97000e+02 8.60000e+00
5.36000e+02 4.98000e+02 8.60000e+00
5.37000e+02 4.99000e+02 8.60000e+00
5.38000e+02 5.00000e+02 8.60000e+00
5.39000e+02 5.01000e+02 8.50000e+00
5.40000e+02 5.02000e+02 8.50000e+00
5.41000e+02 5.03000e+02 8.50000e+00
5.42000e+02 5.03000e+02 8.60000e+00
5.43000e+02 5.04000e+02 8.60000e+00
5.44000e+02 5.05000e+02 8.50000e+00
5.45000e+02 5.06000e+02 8.40000e+00
5.46000e+02 5.07000e+02 8.40000e+00
5.47000e+02 5.08000e+02 8.40000e+00
5.48000e+02 5.09000e+02 8.40000e+00
5.49000e+02 5.10000e+02 8.40000e+00
5.50000e+02 5.11000e+02 8.30000e+00
5.51000e+02 5.12000e+02 8.30000e+00
5.52000e+02 5.13000e+02 8.30000e+00
5.53000e+02 5.14000e+02 8.30000e+00
5.54000e+02 5.15000e+02 8.40000e+00
5.55000e+02 5.15000e+02 8.30000e+00
5.56000e+02 5.16000e+02 8.30000e+00
5.57000e+02 5.17000e+02 8.20000e+00
5.58000e+02 5.18000e+02 8.20000e+00
5.59000e+02 5.19000e+02 8.30000e+00
5.60000e+02 5.20000e+02 8.30000e+00
5.61000e+02 5.21000e+02 8.30000e+00
5.62000e+02 5.22000e+02 8.30000e+00
5.63000e+02 5.23000e+02 8.20000e+00
5.64000e+02 5.24000e+02 8.30000e+00
5.65000e+02 5.25000e+02 8.30000e+00
5.66000e+02 5.26000e+02 8.30000e+00
5.67000e+02 5.27000e+02 8.20000e+00
5.68000e+02 5.28000e+02 8.20000e+00
5.69000e+02 5.29000e+02 8.20000e+00
5.70000e+02 5.30000e+02 8.30000e+00
5.71000e+02 5.31000e+02 8.30000e+00
5.72000e+02 5.32000e+02 8.30000e+00
5.73000e+02 5.32000e+02 8.20000e+00
5.74000e+02 5.33000e+02 8.20000e+00
5.75000e+02 5.34000e+02 8.20000e+00
5.76000e+02 5.35000e+02 8.20000e+00
5.77000e+02 5.36000e+02 8.20000e+00
5.78000e+02 5.37000e+02 8.20000e+00
5.79000e+02 5.38000e+02 8.10000e+00
5.80000e+02 5.39000e+02 8.10000e+00
5.81000e+02 5.40000e+02 8.10000e+00
5.82000e+02 5.41000e+02 8.10000e+00
5.83000e+02 5.42000e+02 8.10000e+00
5.84000e+02 5.43000e+02 8.10000e+00
5.85000e+02 5.44000e+02 8.10000e+00
5.86000e+02 5.45000e+02 8.10000e+00
5.87000e+02 5.46000e+02 8.00000e+00
5.88000e+02 5.47000e+02 8.00000e+00
5.89000e+02 5.48000e+02 8.10000e+00
5.90000e+02 5.49000e+02 8.10000e+00
5.91000e+02 5.50000e+02 8.10000e+00
5.92000e+02 5.50000e+02 8.10000e+00
5.93000e+02 5.51000e+02 8.00000e+00
5.94000e+02 5.52000e+02 8.00000e+00
5.95000e+02 5.53000e+02 8.00000e+00
5.96000e+02 5.54000e+02 8.00000e+00
5.97000e+02 5.55000e+02 8.00000e+00
5.98000e+02 5.56000e+02 7.90000e+00
5.99000e+02 5.56000e+02 8.00000e+00
6.00000e+02 5.57000e+02 8.00000e+00
6.01000e+02 5.58000e+02 7.90000e+00
6.02000e+02 5.59000e+02 7.80000e+00
6.03000e+02 5.60000e+02 7.80000e+00
6.04000e+02 5.61000e+02 7.80000e+00
6.05000e+02 5.62000e+02 7.90000e+00
6.06000e+02 5.63000e+02 7.90000e+00
6.07000e+02 5.64000e+02 7.80000e+00
6.08000e+02 5.65000e+02 7.80000e+00
6.09000e+02 5.66000e+02 7.70000e+00
6.10000e+02 5.67000e+02 7.70000e+00
6.11000e+02 5.68000e+02 7.70000e+00
6.12000e+02 5.69000e+02 7.80000e+00
6.13000e+02 5.70000e+02 7.80000e+00
6.14000e+02 5.71000e+02 7.80000e+00
6.15000e+02 5.72000e+02 7.80000e+00
6.16000e+02 5.73000e+02 7.80000e+00
6.17000e+02 5.73000e+02 7.80000e+00
6.18000e+02 5.74000e+02 7.80000e+00
6.19000e+02 5.74000e+02 7.80000e+00
6.20000e+02 5.75000e+02 7.80000e+00
6.21000e+02 5.76000e+02 7.70000e+00
6.22000e+02 5.77000e+02 7.60000e+00
6.23000e+02 5.78000e+02 7.60000e+00
6.24000e+02 5.79000e+02 7.60000e+00
6.25000e+02 5.80000e+02 7.60000e+00
6.26000e+02 5.81000e+02 7.60000e+00
6.27000e+02 5.82000e+02 7.60000e+00
6.28000e+02 5.83000e+02 7.60000e+00
6.29000e+02 5.84000e+02 7.70000e+00
6.30000e+02 5.84000e+02 7.70000e+00
6.31000e+02 5.85000e+02 7.60000e+00
6.32000e+02 5.86000e+02 7.60000e+00
6.33000e+02 5.87000e+02 7.60000e+00
6.34000e+02 5.88000e+02 7.60000e+00
6.35000e+02 5.89000e+02 7.60000e+00
6.36000e+02 5.90000e+02 7.60000e+00
6.37000e+02 5.91000e+02 7.60000e+00
6.38000e+02 5.92000e+02 7.60000e+00
6.39000e+02 5.93000e+02 7.60000e+00
6.40000e+02 5.94000e+02 7.60000e+00
6.41000e+02 5.95000e+02 7.50000e+00
6.42000e+02 5.96000e+02 7.50000e+00
6.43000e+02 5.97000e+02 7.50000e+00
6.44000e+02 5.98000e+02 7.50000e+00
6.45000e+02 5.99000e+02 7.40000e+00
6.46000e+02 6.00000e+02 7.40000e+00
6.47000e+02 6.01000e+02 7.50000e+00
6.48000e+02 6.02000e+02 7.50000e+00
6.49000e+02 6.03000e+02 7.50000e+00
6.50000e+02 6.04000e+02 7.50000e+00
6.51000e+02 6.05000e+02 7.50000e+00
6.52000e+02 6.05000e+02 7.50000e+00
6.53000e+02 6.06000e+02 7.50000e+00
6.54000e+02 6.07000e+02 7.50000e+00
6.55000e+02 6.08000e+02 7.50000e+00
6.56000e+02 6.09000e+02 7.40000e+00
6.57000e+02 6.10000e+02 7.40000e+00
6.58000e+02 6.11000e+02 7.40000e+00
6.59000e+02 6.12000e+02 7.40000e+00
6.60000e+02 6.13000e+02 7.40000e+00
6.61000e+02 6.14000e+02 7.40000e+00
6.62000e+02 6.14000e+02 7.30000e+00
6.63000e+02 6.15000e+02 7.30000e+00
6.64000e+02 6.16000e+02 7.40000e+00
6.65000e+02 6.17000e+02 7.30000e+00
6.66000e+02 6.18000e+02 7.30000e+00
6.67000e+02 6.19000e+02 7.20000e+00
6.68000e+02 6.20000e+02 7.20000e+00
6.69000e+02 6.21000e+02 7.20000e+00
6.70000e+02 6.22000e+02 7.20000e+00
6.71000e+02 6.23000e+02 7.20000e+00
6.72000e+02 6.24000e+02 7.20000e+00
6.73000e+02 6.25000e+02 7.20000e+00
6.74000e+02 6.26000e+02 7.20000e+00
6.75000e+02 6.27000e+02 7.30000e+00
6.76000e+02 6.27000e+02 7.30000e+00
6.77000e+02 6.28000e+02 7.20000e+00
6.78000e+02 6.29000e+02 7.20000e+00
6.79000e+02 6.30000e+02 7.10000e+00
6.80000e+02 6.31000e+02 7.20000e+00
6.81000e+02 6.32000e+02 7.20000e+00
6.82000e+02 6.33000e+02 7.20000e+00
6.83000e+02 6.34000e+02 7.20000e+00
6.84000e+02 6.35000e+02 7.20000e+00
6.85000e+02 6.36000e+02 7.20000e+00
6.86000e+02 6.37000e+02 7.20000e+00
6.87000e+02 6.37000e+02 7.20000e+00
6.88000e+02 6.38000e+02 7.20000e+00
6.89000e+02 6.39000e+02 7.20000e+00
6.90000e+02 6.40000e+02 7.10000e+00
6.91000e+02 6.41000e+02 7.10000e+00
6.92000e+02 6.42000e+02 7.00000e+00
6.93000e+02 6.43000e+02 7.10000e+00
6.94000e+02 6.44000e+02 7.10000e+00
6.95000e+02 6.45000e+02 7.10000e+00
6.96000e+02 6.46000e+02 7.10000e+00
6.97000e+02 6.47000e+02 7.00000e+00
6.98000e+02 6.48000e+02 7.00000e+00
6.99000e+02 6.48000e+02 7.10000e+00
7.00000e+02 6.49000e+02 7.10000e+00
