#[channel 2 V, channel 3 V, channel 3 phase]
4.01000e+02 3.88000e+02 2.42000e+01
4.02000e+02 3.89000e+02 2.42000e+01
4.03000e+02 3.90000e+02 2.41000e+01
4.04000e+02 3.91000e+02 2.41000e+01
4.05000e+02 3.92000e+02 2.41000e+01
4.06000e+02 3.91000e+02 2.44000e+01
4.07000e+02 3.92000e+02 2.44000e+01
4.08000e+02 3.93000e+02 2.44000e+01
4.09000e+02 3.95000e+02 2.44000e+01
4.10000e+02 3.96000e+02 2.43000e+01
4.11000e+02 3.97000e+02 2.43000e+01
4.12000e+02 3.98000e+02 2.40000e+01
4.13000e+02 3.99000e+02 2.40000e+01
4.14000e+02 4.01000e+02 2.40000e+01
4.15000e+02 4.02000e+02 2.40000e+01
4.16000e+02 4.03000e+02 2.40000e+01
4.17000e+02 4.03000e+02 2.40000e+01
4.18000e+02 4.04000e+02 2.40000e+01
4.19000e+02 4.05000e+02 2.40000e+01
4.20000e+02 4.07000e+02 2.40000e+01
4.21000e+02 4.07000e+02 2.42000e+01
4.22000e+02 4.09000e+02 2.39000e+01
4.23000e+02 4.09000e+02 2.38000e+01
4.24000e+02 4.10000e+02 2.38000e+01
4.25000e+02 4.11000e+02 2.38000e+01
4.26000e+02 4.13000e+02 2.39000e+01
4.27000e+02 4.15000e+02 2.37000e+01
4.28000e+02 4.16000e+02 2.37000e+01
4.29000e+02 4.17000e+02 2.37000e+01
4.30000e+02 4.17000e+02 2.37000e+01
4.31000e+02 4.18000e+02 2.37000e+01
4.32000e+02 4.19000e+02 2.37000e+01
4.33000e+02 4.20000e+02 2.37000e+01
4.34000e+02 4.21000e+02 2.37000e+01
4.35000e+02 4.21000e+02 2.37000e+01
4.36000e+02 4.22000e+02 2.37000e+01
4.37000e+02 4.24000e+02 2.38000e+01
4.38000e+02 4.24000e+02 2.39000e+01
4.39000e+02 4.26000e+02 2.36000e+01
4.40000e+02 4.27000e+02 2.36000e+01
4.41000e+02 4.27000e+02 2.36000e+01
4.42000e+02 4.28000e+02 2.35000e+01
4.43000e+02 4.30000e+02 2.35000e+01
4.44000e+02 4.31000e+02 2.35000e+01
4.45000e+02 4.32000e+02 2.35000e+01
4.46000e+02 4.33000e+02 2.35000e+01
4.47000e+02 4.33000e+02 2.34000e+01
4.48000e+02 4.35000e+02 2.34000e+01
4.49000e+02 4.36000e+02 2.34000e+01
4.50000e+02 4.37000e+02 2.34000e+01
4.51000e+02 4.38000e+02 2.34000e+01
4.52000e+02 4.39000e+02 2.34000e+01
4.53000e+02 4.39000e+02 2.34000e+01
4.54000e+02 4.40000e+02 2.33000e+01
4.55000e+02 4.42000e+02 2.33000e+01
4.56000e+02 4.43000e+02 2.33000e+01
4.57000e+02 4.44000e+02 2.33000e+01
4.58000e+02 4.45000e+02 2.33000e+01
4.59000e+02 4.45000e+02 2.33000e+01
4.60000e+02 4.48000e+02 2.33000e+01
4.61000e+02 4.49000e+02 2.32000e+01
4.62000e+02 4.50000e+02 2.32000e+01
4.63000e+02 4.50000e+02 2.32000e+01
4.64000e+02 4.51000e+02 2.32000e+01
4.65000e+02 4.52000e+02 2.32000e+01
4.66000e+02 4.53000e+02 2.32000e+01
4.67000e+02 4.54000e+02 2.32000e+01
4.68000e+02 4.55000e+02 2.33000e+01
4.69000e+02 4.56000e+02 2.31000e+01
4.70000e+02 4.56000e+02 2.31000e+01
4.71000e+02 4.57000e+02 2.31000e+01
4.72000e+02 4.58000e+02 2.31000e+01
4.73000e+02 4.59000e+02 2.31000e+01
4.74000e+02 4.61000e+02 2.30000e+01
4.75000e+02 4.62000e+02 2.30000e+01
4.76000e+02 4.62000e+02 2.30000e+01
4.77000e+02 4.63000e+02 2.30000e+01
4.78000e+02 4.65000e+02 2.29000e+01
4.79000e+02 4.66000e+02 2.29000e+01
4.80000e+02 4.67000e+02 2.29000e+01
4.81000e+02 4.68000e+02 2.29000e+01
4.82000e+02 4.68000e+02 2.29000e+01
4.83000e+02 4.69000e+02 2.29000e+01
4.84000e+02 4.71000e+02 2.28000e+01
4.85000e+02 4.72000e+02 2.28000e+01
4.86000e+02 4.73000e+02 2.28000e+01
4.87000e+02 4.74000e+02 2.28000e+01
4.88000e+02 4.74000e+02 2.28000e+01
4.89000e+02 4.75000e+02 2.28000e+01
4.90000e+02 4.77000e+02 2.29000e+01
4.91000e+02 4.78000e+02 2.27000e+01
4.92000e+02 4.79000e+02 2.28000e+01
4.93000e+02 4.80000e+02 2.27000e+01
4.94000e+02 4.80000e+02 2.27000e+01
4.95000e+02 4.81000e+02 2.27000e+01
4.96000e+02 4.83000e+02 2.27000e+01
4.97000e+02 4.84000e+02 2.27000e+01
4.98000e+02 4.85000e+02 2.28000e+01
4.99000e+02 4.86000e+02 2.26000e+01
5.00000e+02 4.86000e+02 2.26000e+01
5.01000e+02 4.87000e+02 2.26000e+01
5.02000e+02 4.90000e+02 2.25000e+01
5.03000e+02 4.90000e+02 2.26000e+01
5.04000e+02 4.91000e+02 2.26000e+01
5.05000e+02 4.92000e+02 2.26000e+01
5.06000e+02 4.92000e+02 2.26000e+01
5.07000e+02 4.93000e+02 2.25000e+01
5.08000e+02 4.95000e+02 2.25000e+01
5.09000e+02 4.96000e+02 2.25000e+01
5.10000e+02 4.96000e+02 2.27000e+01
5.11000e+02 4.96000e+02 2.27000e+01
5.12000e+02 4.98000e+02 2.24000e+01
5.13000e+02 4.99000e+02 2.24000e+01
5.14000e+02 5.01000e+02 2.26000e+01
5.15000e+02 5.02000e+02 2.24000e+01
5.16000e+02 5.04000e+02 2.23000e+01
5.17000e+02 5.05000e+02 2.23000e+01
5.18000e+02 5.04000e+02 2.23000e+01
5.19000e+02 5.06000e+02 2.24000e+01
5.20000e+02 5.07000e+02 2.23000e+01
5.21000e+02 5.08000e+02 2.25000e+01
5.22000e+02 5.10000e+02 2.23000e+01
5.23000e+02 5.09000e+02 2.23000e+01
5.24000e+02 5.12000e+02 2.22000e+01
5.25000e+02 5.12000e+02 2.23000e+01
5.26000e+02 5.13000e+02 2.22000e+01
5.27000e+02 5.15000e+02 2.21000e+01
5.28000e+02 5.16000e+02 2.21000e+01
5.29000e+02 5.17000e+02 2.21000e+01
5.30000e+02 5.17000e+02 2.23000e+01
5.31000e+02 5.18000e+02 2.22000e+01
5.32000e+02 5.19000e+02 2.22000e+01
5.33000e+02 5.21000e+02 2.20000e+01
5.34000e+02 5.22000e+02 2.20000e+01
5.35000e+02 5.23000e+02 2.20000e+01
5.36000e+02 5.24000e+02 2.20000e+01
5.37000e+02 5.25000e+02 2.20000e+01
5.38000e+02 5.26000e+02 2.20000e+01
5.39000e+02 5.27000e+02 2.20000e+01
5.40000e+02 5.28000e+02 2.20000e+01
5.41000e+02 5.29000e+02 2.20000e+01
5.42000e+02 5.30000e+02 2.20000e+01
5.43000e+02 5.31000e+02 2.20000e+01
5.44000e+02 5.32000e+02 2.19000e+01
5.45000e+02 5.33000e+02 2.19000e+01
5.46000e+02 5.34000e+02 2.19000e+01
5.47000e+02 5.35000e+02 2.19000e+01
5.48000e+02 5.36000e+02 2.19000e+01
5.49000e+02 5.37000e+02 2.18000e+01
5.50000e+02 5.38000e+02 2.19000e+01
5.51000e+02 5.39000e+02 2.17000e+01
5.52000e+02 5.39000e+02 2.18000e+01
5.53000e+02 5.40000e+02 2.19000e+01
5.54000e+02 5.43000e+02 2.17000e+01
5.55000e+02 5.43000e+02 2.18000e+01
5.56000e+02 5.44000e+02 2.17000e+01
5.57000e+02 5.45000e+02 2.17000e+01
5.58000e+02 5.45000e+02 2.17000e+01
5.59000e+02 5.46000e+02 2.17000e+01
5.60000e+02 5.48000e+02 2.17000e+01
5.61000e+02 5.49000e+02 2.17000e+01
5.62000e+02 5.50000e+02 2.18000e+01
5.63000e+02 5.51000e+02 2.17000e+01
5.64000e+02 5.52000e+02 2.17000e+01
5.65000e+02 5.53000e+02 2.16000e+01
5.66000e+02 5.54000e+02 2.16000e+01
5.67000e+02 5.55000e+02 2.16000e+01
5.68000e+02 5.56000e+02 2.16000e+01
5.69000e+02 5.57000e+02 2.16000e+01
5.70000e+02 5.58000e+02 2.16000e+01
5.71000e+02 5.59000e+02 2.15000e+01
5.72000e+02 5.60000e+02 2.15000e+01
5.73000e+02 5.61000e+02 2.15000e+01
5.74000e+02 5.62000e+02 2.15000e+01
5.75000e+02 5.63000e+02 2.15000e+01
5.76000e+02 5.64000e+02 2.14000e+01
5.77000e+02 5.65000e+02 2.14000e+01
5.78000e+02 5.66000e+02 2.14000e+01
5.79000e+02 5.67000e+02 2.14000e+01
5.80000e+02 5.68000e+02 2.14000e+01
5.81000e+02 5.69000e+02 2.14000e+01
5.82000e+02 5.71000e+02 2.13000e+01
5.83000e+02 5.72000e+02 2.14000e+01
5.84000e+02 5.72000e+02 2.14000e+01
5.85000e+02 5.73000e+02 2.14000e+01
5.86000e+02 5.74000e+02 2.14000e+01
5.87000e+02 5.75000e+02 2.13000e+01
5.88000e+02 5.76000e+02 2.13000e+01
5.89000e+02 5.78000e+02 2.12000e+01
5.90000e+02 5.79000e+02 2.12000e+01
5.91000e+02 5.80000e+02 2.12000e+01
5.92000e+02 5.81000e+02 2.12000e+01
5.93000e+02 5.83000e+02 2.12000e+01
5.94000e+02 5.82000e+02 2.12000e+01
5.95000e+02 5.83000e+02 2.12000e+01
5.96000e+02 5.84000e+02 2.12000e+01
5.97000e+02 5.85000e+02 2.12000e+01
5.98000e+02 5.87000e+02 2.11000e+01
5.99000e+02 5.88000e+02 2.11000e+01
6.00000e+02 5.89000e+02 2.11000e+01
6.01000e+02 5.90000e+02 2.11000e+01
6.02000e+02 5.91000e+02 2.11000e+01
6.03000e+02 5.92000e+02 2.11000e+01
6.04000e+02 5.93000e+02 2.11000e+01
6.05000e+02 5.94000e+02 2.12000e+01
6.06000e+02 5.95000e+02 2.12000e+01
6.07000e+02 5.95000e+02 2.12000e+01
6.08000e+02 5.95000e+02 2.14000e+01
6.09000e+02 5.98000e+02 2.10000e+01
6.10000e+02 6.00000e+02 2.10000e+01
6.11000e+02 6.00000e+02 2.10000e+01
6.12000e+02 6.01000e+02 2.10000e+01
6.13000e+02 6.02000e+02 2.10000e+01
6.14000e+02 6.03000e+02 2.09000e+01
6.15000e+02 6.04000e+02 2.09000e+01
6.16000e+02 6.06000e+02 2.09000e+01
6.17000e+02 6.07000e+02 2.09000e+01
6.18000e+02 6.08000e+02 2.09000e+01
6.19000e+02 6.08000e+02 2.09000e+01
6.20000e+02 6.09000e+02 2.09000e+01
6.21000e+02 6.10000e+02 2.09000e+01
6.22000e+02 6.12000e+02 2.08000e+01
6.23000e+02 6.12000e+02 2.09000e+01
6.24000e+02 6.13000e+02 2.08000e+01
6.25000e+02 6.14000e+02 2.08000e+01
6.26000e+02 6.15000e+02 2.09000e+01
6.27000e+02 6.15000e+02 2.09000e+01
6.28000e+02 6.18000e+02 2.07000e+01
6.29000e+02 6.19000e+02 2.07000e+01
6.30000e+02 6.20000e+02 2.08000e+01
6.31000e+02 6.19000e+02 2.11000e+01
6.32000e+02 6.21000e+02 2.07000e+01
6.33000e+02 6.22000e+02 2.07000e+01
6.34000e+02 6.24000e+02 2.07000e+01
6.35000e+02 6.25000e+02 2.07000e+01
6.36000e+02 6.26000e+02 2.07000e+01
6.37000e+02 6.27000e+02 2.06000e+01
6.38000e+02 6.28000e+02 2.06000e+01
6.39000e+02 6.29000e+02 2.06000e+01
6.40000e+02 6.30000e+02 2.06000e+01
6.41000e+02 6.31000e+02 2.06000e+01
6.42000e+02 6.32000e+02 2.06000e+01
6.43000e+02 6.33000e+02 2.06000e+01
6.44000e+02 6.34000e+02 2.06000e+01
6.45000e+02 6.35000e+02 2.06000e+01
6.46000e+02 6.36000e+02 2.06000e+01
6.47000e+02 6.37000e+02 2.05000e+01
6.48000e+02 6.38000e+02 2.05000e+01
6.49000e+02 6.39000e+02 2.05000e+01
6.50000e+02 6.41000e+02 2.05000e+01
6.51000e+02 6.42000e+02 2.05000e+01
6.52000e+02 6.43000e+02 2.05000e+01
6.53000e+02 6.43000e+02 2.05000e+01
6.54000e+02 6.44000e+02 2.05000e+01
6.55000e+02 6.45000e+02 2.05000e+01
6.56000e+02 6.47000e+02 2.04000e+01
6.57000e+02 6.48000e+02 2.04000e+01
6.58000e+02 6.49000e+02 2.04000e+01
6.59000e+02 6.50000e+02 2.04000e+01
6.60000e+02 6.51000e+02 2.04000e+01
6.61000e+02 6.52000e+02 2.04000e+01
6.62000e+02 6.54000e+02 2.03000e+01
6.63000e+02 6.55000e+02 2.03000e+01
6.64000e+02 6.55000e+02 2.04000e+01
6.65000e+02 6.55000e+02 2.04000e+01
6.66000e+02 6.56000e+02 2.03000e+01
6.67000e+02 6.57000e+02 2.03000e+01
6.68000e+02 6.59000e+02 2.03000e+01
6.69000e+02 6.60000e+02 2.03000e+01
6.70000e+02 6.60000e+02 2.04000e+01
6.71000e+02 6.61000e+02 2.02000e+01
6.72000e+02 6.62000e+02 2.03000e+01
6.73000e+02 6.64000e+02 2.02000e+01
6.74000e+02 6.66000e+02 2.01000e+01
6.75000e+02 6.68000e+02 2.01000e+01
6.76000e+02 6.67000e+02 2.02000e+01
6.77000e+02 6.68000e+02 2.02000e+01
6.78000e+02 6.69000e+02 2.02000e+01
6.79000e+02 6.71000e+02 2.02000e+01
6.80000e+02 6.72000e+02 2.02000e+01
6.81000e+02 6.73000e+02 2.02000e+01
6.82000e+02 6.73000e+02 2.02000e+01
6.83000e+02 6.74000e+02 2.01000e+01
6.84000e+02 6.75000e+02 2.01000e+01
6.85000e+02 6.77000e+02 2.00000e+01
6.86000e+02 6.78000e+02 2.01000e+01
6.87000e+02 6.78000e+02 2.01000e+01
6.88000e+02 6.79000e+02 2.00000e+01
6.89000e+02 6.80000e+02 2.00000e+01
6.90000e+02 6.80000e+02 2.02000e+01
6.91000e+02 6.83000e+02 2.00000e+01
6.92000e+02 6.83000e+02 2.03000e+01
6.93000e+02 6.84000e+02 1.99000e+01
6.94000e+02 6.85000e+02 1.99000e+01
6.95000e+02 6.86000e+02 1.99000e+01
6.96000e+02 6.88000e+02 1.99000e+01
6.97000e+02 6.89000e+02 1.99000e+01
6.98000e+02 6.90000e+02 1.99000e+01
6.99000e+02 6.90000e+02 1.99000e+01
7.00000e+02 6.91000e+02 1.99000e+01
