#[channel 2 V, channel 3 V, channel 3 phase]
5.00000e+01 4.70000e+01 2.65600e+01
5.10000e+01 4.90000e+01 2.62800e+01
5.20000e+01 5.00000e+01 2.62600e+01
5.30000e+01 5.00000e+01 2.61200e+01
5.40000e+01 5.10000e+01 2.61000e+01
5.50000e+01 5.10000e+01 2.57000e+01
5.60000e+01 5.40000e+01 2.57000e+01
5.70000e+01 5.40000e+01 2.56600e+01
5.80000e+01 5.50000e+01 2.55600e+01
5.90000e+01 5.50000e+01 2.54600e+01
6.00000e+01 5.60000e+01 2.54400e+01
6.10000e+01 5.70000e+01 2.53400e+01
6.20000e+01 5.80000e+01 2.53400e+01
6.30000e+01 6.00000e+01 2.53400e+01
6.40000e+01 6.10000e+01 2.53400e+01
6.50000e+01 6.10000e+01 2.53400e+01
6.60000e+01 6.20000e+01 2.53400e+01
6.70000e+01 6.30000e+01 2.53400e+01
6.80000e+01 6.40000e+01 2.53400e+01
6.90000e+01 6.60000e+01 2.51400e+01
7.00000e+01 6.70000e+01 2.51400e+01
7.10000e+01 6.70000e+01 2.51400e+01
7.20000e+01 6.80000e+01 2.51400e+01
7.30000e+01 6.90000e+01 2.51400e+01
7.40000e+01 6.90000e+01 2.51400e+01
7.50000e+01 7.00000e+01 2.51400e+01
7.60000e+01 7.20000e+01 2.51400e+01
7.70000e+01 7.20000e+01 2.51400e+01
7.80000e+01 7.30000e+01 2.51400e+01
7.90000e+01 7.40000e+01 2.51400e+01
8.00000e+01 7.50000e+01 2.51400e+01
8.10000e+01 7.60000e+01 2.51400e+01
8.20000e+01 7.70000e+01 2.50800e+01
8.30000e+01 7.80000e+01 2.50800e+01
8.40000e+01 7.90000e+01 2.50800e+01
8.50000e+01 8.00000e+01 2.50800e+01
8.60000e+01 8.10000e+01 2.50800e+01
8.70000e+01 8.10000e+01 2.50600e+01
8.80000e+01 8.20000e+01 2.50600e+01
8.90000e+01 8.30000e+01 2.50600e+01
9.00000e+01 8.40000e+01 2.50200e+01
9.10000e+01 8.50000e+01 2.50200e+01
9.20000e+01 8.60000e+01 2.50200e+01
9.30000e+01 8.70000e+01 2.50200e+01
9.40000e+01 8.70000e+01 2.50200e+01
9.50000e+01 8.80000e+01 2.50200e+01
9.60000e+01 8.90000e+01 2.49400e+01
9.70000e+01 9.00000e+01 2.48600e+01
9.80000e+01 9.10000e+01 2.48200e+01
9.90000e+01 9.20000e+01 2.48200e+01
1.00000e+02 9.30000e+01 2.48200e+01
