#[channel 2 V, channel 3 V, channel 3 phase]
4.01000e+02 6.01000e+02 4.07500e+01
4.02000e+02 5.87000e+02 4.06500e+01
4.03000e+02 5.89000e+02 4.06500e+01
4.04000e+02 5.90000e+02 4.06500e+01
4.05000e+02 5.91000e+02 4.06500e+01
4.06000e+02 5.92000e+02 4.06500e+01
4.07000e+02 5.93000e+02 4.06500e+01
4.08000e+02 5.95000e+02 4.06500e+01
4.09000e+02 5.97000e+02 4.06500e+01
4.10000e+02 5.98000e+02 4.06500e+01
4.11000e+02 6.00000e+02 4.06500e+01
4.12000e+02 6.01000e+02 4.06500e+01
4.13000e+02 6.02000e+02 4.06500e+01
4.14000e+02 6.03000e+02 4.06500e+01
4.15000e+02 6.06000e+02 4.06500e+01
4.16000e+02 6.08000e+02 4.06500e+01
4.17000e+02 6.09000e+02 4.06500e+01
4.18000e+02 6.10000e+02 4.06500e+01
4.19000e+02 6.11000e+02 4.06500e+01
4.20000e+02 6.13000e+02 4.06500e+01
4.21000e+02 6.14000e+02 4.06500e+01
4.22000e+02 6.17000e+02 4.05500e+01
4.23000e+02 6.18000e+02 4.05500e+01
4.24000e+02 6.19000e+02 4.05500e+01
4.25000e+02 6.21000e+02 4.05500e+01
4.26000e+02 6.22000e+02 4.05500e+01
4.27000e+02 6.24000e+02 4.04500e+01
4.28000e+02 6.25000e+02 4.04500e+01
4.29000e+02 6.27000e+02 4.04500e+01
4.30000e+02 6.28000e+02 4.03500e+01
4.31000e+02 6.32000e+02 4.03500e+01
4.32000e+02 6.33000e+02 4.03500e+01
4.33000e+02 6.34000e+02 4.03500e+01
4.34000e+02 6.36000e+02 4.03500e+01
4.35000e+02 6.37000e+02 4.03500e+01
4.36000e+02 6.38000e+02 4.03500e+01
4.37000e+02 6.40000e+02 4.03500e+01
4.38000e+02 6.41000e+02 4.03500e+01
4.39000e+02 6.43000e+02 4.03500e+01
4.40000e+02 6.45000e+02 4.03500e+01
4.41000e+02 6.47000e+02 4.01500e+01
4.42000e+02 6.49000e+02 4.01500e+01
4.43000e+02 6.50000e+02 4.01500e+01
4.44000e+02 6.52000e+02 4.01500e+01
4.45000e+02 6.54000e+02 4.01500e+01
4.46000e+02 6.55000e+02 4.01500e+01
4.47000e+02 6.56000e+02 4.00500e+01
4.48000e+02 6.57000e+02 4.00500e+01
4.49000e+02 6.60000e+02 4.00500e+01
4.50000e+02 6.61000e+02 4.00500e+01
4.51000e+02 6.62000e+02 4.00500e+01
4.52000e+02 6.65000e+02 3.99500e+01
4.53000e+02 6.67000e+02 3.99500e+01
4.54000e+02 6.68000e+02 3.99500e+01
4.55000e+02 6.69000e+02 3.99500e+01
4.56000e+02 6.71000e+02 3.99500e+01
4.57000e+02 6.73000e+02 3.98500e+01
4.58000e+02 6.74000e+02 3.98500e+01
4.59000e+02 6.75000e+02 3.98500e+01
4.60000e+02 6.76000e+02 3.98500e+01
4.61000e+02 6.78000e+02 3.98500e+01
4.62000e+02 6.80000e+02 3.98500e+01
4.63000e+02 6.83000e+02 3.98500e+01
4.64000e+02 6.84000e+02 3.98500e+01
4.65000e+02 6.85000e+02 3.98500e+01
4.66000e+02 6.86000e+02 3.98500e+01
4.67000e+02 6.88000e+02 3.98500e+01
4.68000e+02 6.89000e+02 3.98500e+01
4.69000e+02 6.91000e+02 3.98500e+01
4.70000e+02 6.92000e+02 3.98500e+01
4.71000e+02 6.94000e+02 3.98500e+01
4.72000e+02 6.95000e+02 3.98500e+01
4.73000e+02 6.96000e+02 3.98500e+01
4.74000e+02 6.99000e+02 3.96500e+01
4.75000e+02 7.02000e+02 3.96500e+01
4.76000e+02 7.03000e+02 3.96500e+01
4.77000e+02 7.04000e+02 3.96500e+01
4.78000e+02 7.07000e+02 3.95500e+01
4.79000e+02 7.08000e+02 3.95500e+01
4.80000e+02 7.10000e+02 3.95500e+01
4.81000e+02 7.11000e+02 3.95500e+01
4.82000e+02 7.13000e+02 3.95500e+01
4.83000e+02 7.15000e+02 3.95500e+01
4.84000e+02 7.16000e+02 3.94500e+01
4.85000e+02 7.19000e+02 3.94500e+01
4.86000e+02 7.20000e+02 3.94500e+01
4.87000e+02 7.21000e+02 3.94500e+01
4.88000e+02 7.22000e+02 3.94500e+01
4.89000e+02 7.24000e+02 3.94500e+01
4.90000e+02 7.26000e+02 3.94500e+01
4.91000e+02 7.27000e+02 3.94500e+01
4.92000e+02 7.29000e+02 3.94500e+01
4.93000e+02 7.32000e+02 3.94500e+01
4.94000e+02 7.33000e+02 3.94500e+01
4.95000e+02 7.35000e+02 3.93500e+01
4.96000e+02 7.36000e+02 3.92500e+01
4.97000e+02 7.38000e+02 3.92500e+01
4.98000e+02 7.39000e+02 3.92500e+01
4.99000e+02 7.41000e+02 3.92500e+01
5.00000e+02 7.42000e+02 3.92500e+01
5.01000e+02 7.43000e+02 3.92500e+01
5.02000e+02 7.45000e+02 3.90500e+01
5.03000e+02 7.48000e+02 3.90500e+01
5.04000e+02 7.50000e+02 3.90500e+01
5.05000e+02 7.51000e+02 3.90500e+01
5.06000e+02 7.53000e+02 3.90500e+01
5.07000e+02 7.54000e+02 3.90500e+01
5.08000e+02 7.57000e+02 3.90500e+01
5.09000e+02 7.58000e+02 3.90500e+01
5.10000e+02 7.61000e+02 3.89500e+01
5.11000e+02 7.62000e+02 3.89500e+01
5.12000e+02 7.63000e+02 3.89500e+01
5.13000e+02 7.64000e+02 3.89500e+01
5.14000e+02 7.66000e+02 3.88500e+01
5.15000e+02 7.68000e+02 3.88500e+01
5.16000e+02 7.71000e+02 3.88500e+01
5.17000e+02 7.72000e+02 3.88500e+01
5.18000e+02 7.73000e+02 3.88500e+01
5.19000e+02 7.74000e+02 3.88500e+01
5.20000e+02 7.75000e+02 3.88500e+01
5.21000e+02 7.77000e+02 3.88500e+01
5.22000e+02 7.78000e+02 3.88500e+01
5.23000e+02 7.79000e+02 3.88500e+01
5.24000e+02 7.80000e+02 3.87500e+01
5.25000e+02 7.82000e+02 3.87500e+01
5.26000e+02 7.84000e+02 3.86500e+01
5.27000e+02 7.88000e+02 3.86500e+01
5.28000e+02 7.89000e+02 3.86500e+01
5.29000e+02 7.90000e+02 3.86500e+01
5.30000e+02 7.91000e+02 3.86500e+01
5.31000e+02 7.94000e+02 3.86500e+01
5.32000e+02 7.95000e+02 3.86500e+01
5.33000e+02 7.97000e+02 3.86500e+01
5.34000e+02 7.99000e+02 3.85500e+01
5.35000e+02 8.00000e+02 3.85500e+01
5.36000e+02 8.01000e+02 3.85500e+01
5.37000e+02 8.02000e+02 3.85500e+01
5.38000e+02 8.04000e+02 3.84500e+01
5.39000e+02 8.07000e+02 3.84500e+01
5.40000e+02 8.11000e+02 3.84500e+01
5.41000e+02 8.12000e+02 3.84500e+01
5.42000e+02 8.13000e+02 3.84500e+01
5.43000e+02 8.14000e+02 3.84500e+01
5.44000e+02 8.15000e+02 3.84500e+01
5.45000e+02 8.18000e+02 3.83500e+01
5.46000e+02 8.19000e+02 3.83500e+01
5.47000e+02 8.20000e+02 3.83500e+01
5.48000e+02 8.22000e+02 3.83500e+01
5.49000e+02 8.23000e+02 3.83500e+01
5.50000e+02 8.26000e+02 3.83500e+01
5.51000e+02 8.27000e+02 3.83500e+01
5.52000e+02 8.28000e+02 3.83500e+01
5.53000e+02 8.31000e+02 3.82500e+01
5.54000e+02 8.32000e+02 3.82500e+01
5.55000e+02 8.33000e+02 3.82500e+01
5.56000e+02 8.37000e+02 3.81500e+01
5.57000e+02 8.38000e+02 3.81500e+01
5.58000e+02 8.39000e+02 3.81500e+01
5.59000e+02 8.43000e+02 3.81500e+01
5.60000e+02 8.44000e+02 3.81500e+01
5.61000e+02 8.45000e+02 3.81500e+01
5.62000e+02 8.47000e+02 3.81500e+01
5.63000e+02 8.49000e+02 3.81500e+01
5.64000e+02 8.50000e+02 3.81500e+01
5.65000e+02 8.51000e+02 3.81500e+01
5.66000e+02 8.54000e+02 3.80500e+01
5.67000e+02 8.56000e+02 3.80500e+01
5.68000e+02 8.57000e+02 3.80500e+01
5.69000e+02 8.59000e+02 3.80500e+01
5.70000e+02 8.60000e+02 3.80500e+01
5.71000e+02 8.62000e+02 3.80500e+01
5.72000e+02 8.63000e+02 3.80500e+01
5.73000e+02 8.64000e+02 3.80500e+01
5.74000e+02 8.66000e+02 3.79500e+01
5.75000e+02 8.69000e+02 3.79500e+01
5.76000e+02 8.70000e+02 3.79500e+01
5.77000e+02 8.73000e+02 3.79500e+01
5.78000e+02 8.74000e+02 3.79500e+01
5.79000e+02 8.77000e+02 3.78500e+01
5.80000e+02 8.78000e+02 3.78500e+01
5.81000e+02 8.80000e+02 3.78500e+01
5.82000e+02 8.81000e+02 3.78500e+01
5.83000e+02 8.83000e+02 3.78500e+01
5.84000e+02 8.84000e+02 3.78500e+01
5.85000e+02 8.85000e+02 3.78500e+01
5.86000e+02 8.88000e+02 3.78500e+01
5.87000e+02 8.89000e+02 3.78500e+01
5.88000e+02 8.91000e+02 3.77500e+01
5.89000e+02 8.92000e+02 3.77500e+01
5.90000e+02 8.95000e+02 3.77500e+01
5.91000e+02 8.96000e+02 3.77500e+01
5.92000e+02 9.00000e+02 3.77500e+01
5.93000e+02 9.01000e+02 3.77500e+01
5.94000e+02 9.02000e+02 3.77500e+01
5.95000e+02 9.03000e+02 3.77500e+01
5.96000e+02 9.06000e+02 3.77500e+01
5.97000e+02 9.07000e+02 3.77500e+01
5.98000e+02 9.10000e+02 3.76500e+01
5.99000e+02 9.11000e+02 3.75500e+01
6.00000e+02 9.12000e+02 3.75500e+01
6.01000e+02 9.14000e+02 3.75500e+01
6.02000e+02 9.15000e+02 3.75500e+01
6.03000e+02 9.18000e+02 3.75500e+01
6.04000e+02 9.19000e+02 3.75500e+01
6.05000e+02 9.20000e+02 3.75500e+01
6.06000e+02 9.21000e+02 3.75500e+01
6.07000e+02 9.23000e+02 3.75500e+01
6.08000e+02 9.27000e+02 3.75500e+01
6.09000e+02 9.28000e+02 3.75500e+01
6.10000e+02 9.30000e+02 3.75500e+01
6.11000e+02 9.32000e+02 3.75500e+01
6.12000e+02 9.33000e+02 3.74500e+01
6.13000e+02 9.35000e+02 3.74500e+01
6.14000e+02 9.37000e+02 3.74500e+01
6.15000e+02 9.39000e+02 3.73500e+01
6.16000e+02 9.42000e+02 3.73500e+01
6.17000e+02 9.43000e+02 3.73500e+01
6.18000e+02 9.44000e+02 3.73500e+01
6.19000e+02 9.45000e+02 3.72500e+01
6.20000e+02 9.47000e+02 3.72500e+01
6.21000e+02 9.48000e+02 3.72500e+01
6.22000e+02 9.50000e+02 3.72500e+01
6.23000e+02 9.51000e+02 3.72500e+01
6.24000e+02 9.53000e+02 3.72500e+01
6.25000e+02 9.55000e+02 3.72500e+01
6.26000e+02 9.56000e+02 3.72500e+01
6.27000e+02 9.61000e+02 3.72500e+01
6.28000e+02 9.62000e+02 3.72500e+01
6.29000e+02 9.63000e+02 3.72500e+01
6.30000e+02 9.64000e+02 3.72500e+01
6.31000e+02 9.68000e+02 3.70500e+01
6.32000e+02 9.70000e+02 3.70500e+01
6.33000e+02 9.72000e+02 3.70500e+01
6.34000e+02 9.73000e+02 3.70500e+01
6.35000e+02 9.74000e+02 3.70500e+01
6.36000e+02 9.75000e+02 3.70500e+01
6.37000e+02 9.78000e+02 3.70500e+01
6.38000e+02 9.79000e+02 3.70500e+01
6.39000e+02 9.83000e+02 3.70500e+01
6.40000e+02 9.84000e+02 3.70500e+01
6.41000e+02 9.85000e+02 3.70500e+01
6.42000e+02 9.86000e+02 3.70500e+01
6.43000e+02 9.88000e+02 3.70500e+01
6.44000e+02 9.91000e+02 3.70500e+01
6.45000e+02 9.93000e+02 3.70500e+01
6.46000e+02 9.94000e+02 3.70500e+01
6.47000e+02 9.95000e+02 3.70500e+01
6.48000e+02 9.96000e+02 3.70500e+01
6.49000e+02 1.00100e+03 3.69500e+01
6.50000e+02 1.00200e+03 3.69500e+01
6.51000e+02 1.00300e+03 3.69500e+01
6.52000e+02 1.00500e+03 3.69500e+01
6.53000e+02 1.00700e+03 3.69500e+01
6.54000e+02 1.00800e+03 3.69500e+01
6.55000e+02 1.01100e+03 3.69500e+01
6.56000e+02 1.01200e+03 3.69500e+01
6.57000e+02 1.01300e+03 3.69500e+01
6.58000e+02 1.01400e+03 3.69500e+01
6.59000e+02 1.01500e+03 3.69500e+01
6.60000e+02 1.02000e+03 3.68500e+01
6.61000e+02 1.02100e+03 3.68500e+01
6.62000e+02 1.02500e+03 3.68500e+01
6.63000e+02 1.02600e+03 3.68500e+01
6.64000e+02 1.02700e+03 3.68500e+01
6.65000e+02 1.02800e+03 3.68500e+01
6.66000e+02 1.02900e+03 3.68500e+01
6.67000e+02 1.03200e+03 3.67500e+01
6.68000e+02 1.03300e+03 3.67500e+01
6.69000e+02 1.03600e+03 3.67500e+01
6.70000e+02 1.03700e+03 3.67500e+01
6.71000e+02 1.03800e+03 3.67500e+01
6.72000e+02 1.04300e+03 3.67500e+01
6.73000e+02 1.04400e+03 3.67500e+01
6.74000e+02 1.04500e+03 3.67500e+01
6.75000e+02 1.04800e+03 3.67500e+01
6.76000e+02 1.04900e+03 3.67500e+01
6.77000e+02 1.05000e+03 3.67500e+01
6.78000e+02 1.05100e+03 3.67500e+01
6.79000e+02 1.05300e+03 3.67500e+01
6.80000e+02 1.05500e+03 3.67500e+01
6.81000e+02 1.05600e+03 3.67500e+01
6.82000e+02 1.06000e+03 3.65500e+01
6.83000e+02 1.06100e+03 3.65500e+01
6.84000e+02 1.06400e+03 3.65500e+01
6.85000e+02 1.06600e+03 3.65500e+01
6.86000e+02 1.06700e+03 3.65500e+01
6.87000e+02 1.07000e+03 3.65500e+01
6.88000e+02 1.07100e+03 3.65500e+01
6.89000e+02 1.07200e+03 3.65500e+01
6.90000e+02 1.07600e+03 3.65500e+01
6.91000e+02 1.07700e+03 3.65500e+01
6.92000e+02 1.08000e+03 3.64500e+01
6.93000e+02 1.08100e+03 3.64500e+01
6.94000e+02 1.08200e+03 3.64500e+01
6.95000e+02 1.08300e+03 3.64500e+01
6.96000e+02 1.08500e+03 3.64500e+01
6.97000e+02 1.08600e+03 3.64500e+01
6.98000e+02 1.08900e+03 3.64500e+01
6.99000e+02 1.09100e+03 3.64500e+01
7.00000e+02 1.09200e+03 3.64500e+01
7.01000e+02 1.09500e+03 3.64500e+01
7.02000e+02 1.09800e+03 3.63500e+01
7.03000e+02 1.09900e+03 3.63500e+01
7.04000e+02 1.10200e+03 3.63500e+01
7.05000e+02 1.10300e+03 3.63500e+01
7.06000e+02 1.10600e+03 3.63500e+01
7.07000e+02 1.10700e+03 3.63500e+01
7.08000e+02 1.10900e+03 3.63500e+01
7.09000e+02 1.11100e+03 3.62500e+01
7.10000e+02 1.11400e+03 3.62500e+01
7.11000e+02 1.11500e+03 3.62500e+01
7.12000e+02 1.11600e+03 3.62500e+01
7.13000e+02 1.11800e+03 3.62500e+01
7.14000e+02 1.12000e+03 3.62500e+01
7.15000e+02 1.12100e+03 3.62500e+01
7.16000e+02 1.12500e+03 3.62500e+01
7.17000e+02 1.12600e+03 3.62500e+01
7.18000e+02 1.12900e+03 3.62500e+01
7.19000e+02 1.13000e+03 3.62500e+01
7.20000e+02 1.13300e+03 3.62500e+01
7.21000e+02 1.13500e+03 3.61500e+01
7.22000e+02 1.13700e+03 3.61500e+01
7.23000e+02 1.13800e+03 3.61500e+01
7.24000e+02 1.13900e+03 3.61500e+01
7.25000e+02 1.14200e+03 3.61500e+01
7.26000e+02 1.14300e+03 3.61500e+01
7.27000e+02 1.14700e+03 3.60500e+01
7.28000e+02 1.14900e+03 3.60500e+01
7.29000e+02 1.15000e+03 3.60500e+01
7.30000e+02 1.15100e+03 3.60500e+01
7.31000e+02 1.15300e+03 3.60500e+01
7.32000e+02 1.15600e+03 3.60500e+01
7.33000e+02 1.15700e+03 3.60500e+01
7.34000e+02 1.15800e+03 3.60500e+01
7.35000e+02 1.15900e+03 3.60500e+01
7.36000e+02 1.16300e+03 3.60500e+01
7.37000e+02 1.16600e+03 3.59500e+01
7.38000e+02 1.16700e+03 3.59500e+01
7.39000e+02 1.17100e+03 3.59500e+01
7.40000e+02 1.17200e+03 3.59500e+01
7.41000e+02 1.17300e+03 3.59500e+01
7.42000e+02 1.17400e+03 3.59500e+01
7.43000e+02 1.17600e+03 3.59500e+01
7.44000e+02 1.18000e+03 3.59500e+01
7.45000e+02 1.18100e+03 3.59500e+01
7.46000e+02 1.18200e+03 3.59500e+01
7.47000e+02 1.18500e+03 3.59500e+01
7.48000e+02 1.18800e+03 3.58500e+01
7.49000e+02 1.19000e+03 3.58500e+01
7.50000e+02 1.19100e+03 3.58500e+01
7.51000e+02 1.19300e+03 3.58500e+01
7.52000e+02 1.19400e+03 3.58500e+01
7.53000e+02 1.19700e+03 3.58500e+01
7.54000e+02 1.19900e+03 3.58500e+01
7.55000e+02 1.20000e+03 3.58500e+01
7.56000e+02 1.20500e+03 3.57500e+01
7.57000e+02 1.20800e+03 3.57500e+01
7.58000e+02 1.20900e+03 3.57500e+01
7.59000e+02 1.21100e+03 3.57500e+01
7.60000e+02 1.21200e+03 3.57500e+01
7.61000e+02 1.21300e+03 3.57500e+01
7.62000e+02 1.21500e+03 3.57500e+01
7.63000e+02 1.21800e+03 3.57500e+01
7.64000e+02 1.21900e+03 3.57500e+01
7.65000e+02 1.22000e+03 3.57500e+01
7.66000e+02 1.22200e+03 3.57500e+01
7.67000e+02 1.22500e+03 3.56500e+01
7.68000e+02 1.22900e+03 3.56500e+01
7.69000e+02 1.23000e+03 3.56500e+01
7.70000e+02 1.23100e+03 3.56500e+01
