#[channel 2 V, channel 3 V, channel 3 phase]
1.01000e+02 1.47000e+02 4.12000e+01
1.02000e+02 1.48000e+02 4.12000e+01
1.03000e+02 1.50000e+02 4.12000e+01
1.04000e+02 1.51000e+02 4.12000e+01
1.05000e+02 1.52000e+02 4.12000e+01
1.06000e+02 1.53000e+02 4.12000e+01
1.07000e+02 1.55000e+02 4.12000e+01
1.08000e+02 1.57000e+02 4.12000e+01
1.09000e+02 1.58000e+02 4.12000e+01
1.10000e+02 1.60000e+02 4.12000e+01
1.11000e+02 1.62000e+02 4.12000e+01
1.12000e+02 1.62000e+02 4.12000e+01
1.13000e+02 1.63000e+02 4.12000e+01
1.14000e+02 1.64000e+02 4.12000e+01
1.15000e+02 1.67000e+02 4.12000e+01
1.16000e+02 1.69000e+02 4.12000e+01
1.17000e+02 1.70000e+02 4.12000e+01
1.18000e+02 1.71000e+02 4.12000e+01
1.19000e+02 1.72000e+02 4.12000e+01
1.20000e+02 1.74000e+02 4.12000e+01
1.21000e+02 1.75000e+02 4.12000e+01
1.22000e+02 1.76000e+02 4.12000e+01
1.23000e+02 1.79000e+02 4.12000e+01
1.24000e+02 1.80000e+02 4.12000e+01
1.25000e+02 1.81000e+02 4.12000e+01
1.26000e+02 1.82000e+02 4.12000e+01
1.27000e+02 1.84000e+02 4.12000e+01
1.28000e+02 1.86000e+02 4.12000e+01
1.29000e+02 1.87000e+02 4.12000e+01
1.30000e+02 1.88000e+02 4.12000e+01
1.31000e+02 1.90000e+02 4.12000e+01
1.32000e+02 1.91000e+02 4.12000e+01
1.33000e+02 1.93000e+02 4.12000e+01
1.34000e+02 1.95000e+02 4.12000e+01
1.35000e+02 1.96000e+02 4.17000e+01
1.36000e+02 1.96000e+02 4.12000e+01
1.37000e+02 1.98000e+02 4.12000e+01
1.38000e+02 1.99000e+02 4.12000e+01
1.39000e+02 2.02000e+02 4.12000e+01
1.40000e+02 2.03000e+02 4.12000e+01
1.41000e+02 2.04000e+02 4.12000e+01
1.42000e+02 2.04000e+02 4.17000e+01
1.43000e+02 2.07000e+02 4.12000e+01
1.44000e+02 2.08000e+02 4.12000e+01
1.45000e+02 2.10000e+02 4.12000e+01
1.46000e+02 2.11000e+02 4.12000e+01
1.47000e+02 2.12000e+02 4.12000e+01
1.48000e+02 2.14000e+02 4.12000e+01
1.49000e+02 2.15000e+02 4.12000e+01
1.50000e+02 2.17000e+02 4.17000e+01
1.51000e+02 2.19000e+02 4.12000e+01
1.52000e+02 2.21000e+02 4.12000e+01
1.53000e+02 2.21000e+02 4.12000e+01
1.54000e+02 2.22000e+02 4.12000e+01
1.55000e+02 2.23000e+02 4.12000e+01
1.56000e+02 2.26000e+02 4.12000e+01
1.57000e+02 2.27000e+02 4.12000e+01
1.58000e+02 2.30000e+02 4.12000e+01
1.59000e+02 2.29000e+02 4.12000e+01
1.60000e+02 2.31000e+02 4.12000e+01
1.61000e+02 2.32000e+02 4.12000e+01
1.62000e+02 2.34000e+02 4.12000e+01
1.63000e+02 2.36000e+02 4.12000e+01
1.64000e+02 2.38000e+02 4.12000e+01
1.65000e+02 2.38000e+02 4.17000e+01
1.66000e+02 2.39000e+02 4.17000e+01
1.67000e+02 2.40000e+02 4.12000e+01
1.68000e+02 2.43000e+02 4.12000e+01
1.69000e+02 2.44000e+02 4.12000e+01
1.70000e+02 2.46000e+02 4.12000e+01
1.71000e+02 2.47000e+02 4.12000e+01
1.72000e+02 2.49000e+02 4.12000e+01
1.73000e+02 2.50000e+02 4.17000e+01
1.74000e+02 2.51000e+02 4.17000e+01
1.75000e+02 2.54000e+02 4.12000e+01
1.76000e+02 2.55000e+02 4.17000e+01
1.77000e+02 2.55000e+02 4.17000e+01
1.78000e+02 2.56000e+02 4.17000e+01
1.79000e+02 2.58000e+02 4.17000e+01
1.80000e+02 2.61000e+02 4.17000e+01
1.81000e+02 2.62000e+02 4.17000e+01
1.82000e+02 2.63000e+02 4.17000e+01
1.83000e+02 2.64000e+02 4.17000e+01
1.84000e+02 2.66000e+02 4.17000e+01
1.85000e+02 2.67000e+02 4.17000e+01
1.86000e+02 2.70000e+02 4.17000e+01
1.87000e+02 2.72000e+02 4.12000e+01
1.88000e+02 2.72000e+02 4.17000e+01
1.89000e+02 2.73000e+02 4.17000e+01
1.90000e+02 2.75000e+02 4.17000e+01
1.91000e+02 2.77000e+02 4.17000e+01
1.92000e+02 2.79000e+02 4.17000e+01
1.93000e+02 2.80000e+02 4.17000e+01
1.94000e+02 2.81000e+02 4.17000e+01
1.95000e+02 2.82000e+02 4.17000e+01
1.96000e+02 2.84000e+02 4.17000e+01
1.97000e+02 2.85000e+02 4.17000e+01
1.98000e+02 2.86000e+02 4.17000e+01
1.99000e+02 2.89000e+02 4.17000e+01
2.00000e+02 2.90000e+02 4.17000e+01
2.01000e+02 2.91000e+02 4.17000e+01
2.02000e+02 2.92000e+02 4.17000e+01
2.03000e+02 2.95000e+02 4.17000e+01
2.04000e+02 2.96000e+02 4.17000e+01
2.05000e+02 2.97000e+02 4.17000e+01
2.06000e+02 2.98000e+02 4.17000e+01
2.07000e+02 2.99000e+02 4.17000e+01
2.08000e+02 3.00000e+02 4.17000e+01
2.09000e+02 3.02000e+02 4.17000e+01
2.10000e+02 3.04000e+02 4.17000e+01
2.11000e+02 3.07000e+02 4.12000e+01
2.12000e+02 3.08000e+02 4.17000e+01
2.13000e+02 3.09000e+02 4.17000e+01
2.14000e+02 3.10000e+02 4.17000e+01
2.15000e+02 3.11000e+02 4.17000e+01
2.16000e+02 3.14000e+02 4.17000e+01
2.17000e+02 3.15000e+02 4.17000e+01
2.18000e+02 3.16000e+02 4.17000e+01
2.19000e+02 3.17000e+02 4.17000e+01
2.20000e+02 3.19000e+02 4.17000e+01
2.21000e+02 3.20000e+02 4.17000e+01
2.22000e+02 3.22000e+02 4.17000e+01
2.23000e+02 3.23000e+02 4.17000e+01
2.24000e+02 3.24000e+02 4.17000e+01
2.25000e+02 3.27000e+02 4.12000e+01
2.26000e+02 3.28000e+02 4.12000e+01
2.27000e+02 3.30000e+02 4.12000e+01
2.28000e+02 3.32000e+02 4.17000e+01
2.29000e+02 3.33000e+02 4.17000e+01
2.30000e+02 3.34000e+02 4.17000e+01
2.31000e+02 3.35000e+02 4.17000e+01
2.32000e+02 3.36000e+02 4.17000e+01
2.33000e+02 3.38000e+02 4.17000e+01
2.34000e+02 3.40000e+02 4.17000e+01
2.35000e+02 3.41000e+02 4.17000e+01
2.36000e+02 3.42000e+02 4.17000e+01
2.37000e+02 3.44000e+02 4.17000e+01
2.38000e+02 3.45000e+02 4.17000e+01
2.39000e+02 3.46000e+02 4.17000e+01
2.40000e+02 3.50000e+02 4.17000e+01
2.41000e+02 3.50000e+02 4.17000e+01
2.42000e+02 3.51000e+02 4.17000e+01
2.43000e+02 3.52000e+02 4.17000e+01
2.44000e+02 3.55000e+02 4.12000e+01
2.45000e+02 3.56000e+02 4.12000e+01
2.46000e+02 3.58000e+02 4.12000e+01
2.47000e+02 3.59000e+02 4.12000e+01
2.48000e+02 3.60000e+02 4.12000e+01
2.49000e+02 3.62000e+02 4.17000e+01
2.50000e+02 3.63000e+02 4.12000e+01
2.51000e+02 3.66000e+02 4.12000e+01
2.52000e+02 3.67000e+02 4.12000e+01
2.53000e+02 3.68000e+02 4.12000e+01
2.54000e+02 3.69000e+02 4.12000e+01
2.55000e+02 3.71000e+02 4.12000e+01
2.56000e+02 3.73000e+02 4.12000e+01
2.57000e+02 3.75000e+02 4.12000e+01
2.58000e+02 3.76000e+02 4.12000e+01
2.59000e+02 3.77000e+02 4.12000e+01
2.60000e+02 3.78000e+02 4.12000e+01
2.61000e+02 3.80000e+02 4.12000e+01
2.62000e+02 3.81000e+02 4.12000e+01
2.63000e+02 3.84000e+02 4.12000e+01
2.64000e+02 3.85000e+02 4.12000e+01
2.65000e+02 3.86000e+02 4.12000e+01
2.66000e+02 3.87000e+02 4.12000e+01
2.67000e+02 3.89000e+02 4.12000e+01
2.68000e+02 3.91000e+02 4.12000e+01
2.69000e+02 3.92000e+02 4.12000e+01
2.70000e+02 3.93000e+02 4.12000e+01
2.71000e+02 3.95000e+02 4.12000e+01
2.72000e+02 3.96000e+02 4.12000e+01
2.73000e+02 3.98000e+02 4.12000e+01
2.74000e+02 3.99000e+02 4.12000e+01
2.75000e+02 4.01000e+02 4.12000e+01
2.76000e+02 4.02000e+02 4.12000e+01
2.77000e+02 4.03000e+02 4.12000e+01
2.78000e+02 4.04000e+02 4.12000e+01
2.79000e+02 4.06000e+02 4.12000e+01
2.80000e+02 4.08000e+02 4.12000e+01
2.81000e+02 4.09000e+02 4.12000e+01
2.82000e+02 4.10000e+02 4.12000e+01
2.83000e+02 4.11000e+02 4.12000e+01
2.84000e+02 4.13000e+02 4.12000e+01
2.85000e+02 4.15000e+02 4.12000e+01
2.86000e+02 4.16000e+02 4.12000e+01
2.87000e+02 4.19000e+02 4.12000e+01
2.88000e+02 4.20000e+02 4.12000e+01
2.89000e+02 4.21000e+02 4.12000e+01
2.90000e+02 4.22000e+02 4.12000e+01
2.91000e+02 4.24000e+02 4.07000e+01
2.92000e+02 4.27000e+02 4.07000e+01
2.93000e+02 4.28000e+02 4.07000e+01
2.94000e+02 4.29000e+02 4.07000e+01
2.95000e+02 4.30000e+02 4.07000e+01
2.96000e+02 4.32000e+02 4.07000e+01
2.97000e+02 4.33000e+02 4.07000e+01
2.98000e+02 4.36000e+02 4.07000e+01
2.99000e+02 4.37000e+02 4.07000e+01
3.00000e+02 4.38000e+02 4.07000e+01
3.01000e+02 4.39000e+02 4.07000e+01
3.02000e+02 4.40000e+02 4.07000e+01
3.03000e+02 4.43000e+02 4.07000e+01
3.04000e+02 4.44000e+02 4.07000e+01
3.05000e+02 4.46000e+02 4.07000e+01
3.06000e+02 4.47000e+02 4.07000e+01
3.07000e+02 4.49000e+02 4.07000e+01
3.08000e+02 4.51000e+02 4.07000e+01
3.09000e+02 4.52000e+02 4.07000e+01
3.10000e+02 4.53000e+02 4.07000e+01
3.11000e+02 4.56000e+02 4.07000e+01
3.12000e+02 4.57000e+02 4.07000e+01
3.13000e+02 4.58000e+02 4.07000e+01
3.14000e+02 4.59000e+02 4.07000e+01
3.15000e+02 4.60000e+02 4.07000e+01
3.16000e+02 4.61000e+02 4.07000e+01
3.17000e+02 4.62000e+02 4.07000e+01
3.18000e+02 4.63000e+02 4.07000e+01
3.19000e+02 4.66000e+02 4.07000e+01
3.20000e+02 4.68000e+02 4.07000e+01
3.21000e+02 4.69000e+02 4.07000e+01
3.22000e+02 4.71000e+02 4.07000e+01
3.23000e+02 4.72000e+02 4.07000e+01
3.24000e+02 4.73000e+02 4.07000e+01
3.25000e+02 4.74000e+02 4.07000e+01
3.26000e+02 4.78000e+02 4.07000e+01
3.27000e+02 4.79000e+02 4.07000e+01
3.28000e+02 4.80000e+02 4.07000e+01
3.29000e+02 4.81000e+02 4.07000e+01
3.30000e+02 4.82000e+02 4.07000e+01
3.31000e+02 4.85000e+02 4.07000e+01
3.32000e+02 4.86000e+02 4.02000e+01
3.33000e+02 4.90000e+02 4.02000e+01
3.34000e+02 4.91000e+02 4.02000e+01
3.35000e+02 4.92000e+02 4.02000e+01
3.36000e+02 4.93000e+02 4.02000e+01
3.37000e+02 4.95000e+02 4.02000e+01
3.38000e+02 4.97000e+02 4.02000e+01
3.39000e+02 4.98000e+02 4.02000e+01
3.40000e+02 5.00000e+02 4.02000e+01
3.41000e+02 5.02000e+02 4.02000e+01
3.42000e+02 5.03000e+02 4.02000e+01
3.43000e+02 5.04000e+02 4.02000e+01
3.44000e+02 5.05000e+02 4.02000e+01
3.45000e+02 5.07000e+02 4.02000e+01
3.46000e+02 5.09000e+02 4.02000e+01
3.47000e+02 5.10000e+02 4.02000e+01
3.48000e+02 5.11000e+02 4.02000e+01
3.49000e+02 5.13000e+02 4.02000e+01
3.50000e+02 5.14000e+02 4.02000e+01
3.51000e+02 5.16000e+02 4.02000e+01
3.52000e+02 5.19000e+02 4.02000e+01
3.53000e+02 5.20000e+02 4.02000e+01
3.54000e+02 5.21000e+02 4.02000e+01
3.55000e+02 5.22000e+02 4.02000e+01
3.56000e+02 5.24000e+02 4.02000e+01
3.57000e+02 5.25000e+02 4.02000e+01
3.58000e+02 5.28000e+02 3.97000e+01
3.59000e+02 5.29000e+02 3.97000e+01
3.60000e+02 5.31000e+02 3.97000e+01
3.61000e+02 5.32000e+02 3.97000e+01
3.62000e+02 5.33000e+02 3.97000e+01
3.63000e+02 5.37000e+02 3.97000e+01
3.64000e+02 5.38000e+02 3.97000e+01
3.65000e+02 5.39000e+02 3.97000e+01
3.66000e+02 5.40000e+02 3.97000e+01
3.67000e+02 5.42000e+02 3.97000e+01
3.68000e+02 5.44000e+02 3.97000e+01
3.69000e+02 5.45000e+02 3.97000e+01
3.70000e+02 5.46000e+02 3.97000e+01
3.71000e+02 5.48000e+02 3.97000e+01
3.72000e+02 5.49000e+02 3.97000e+01
3.73000e+02 5.51000e+02 3.97000e+01
3.74000e+02 5.52000e+02 3.97000e+01
3.75000e+02 5.54000e+02 3.97000e+01
3.76000e+02 5.55000e+02 3.97000e+01
3.77000e+02 5.56000e+02 3.97000e+01
3.78000e+02 5.57000e+02 3.97000e+01
3.79000e+02 5.60000e+02 3.97000e+01
3.80000e+02 5.61000e+02 3.97000e+01
3.81000e+02 5.63000e+02 3.97000e+01
3.82000e+02 5.64000e+02 3.97000e+01
3.83000e+02 5.65000e+02 3.97000e+01
3.84000e+02 5.67000e+02 3.97000e+01
3.85000e+02 5.68000e+02 3.97000e+01
3.86000e+02 5.71000e+02 3.97000e+01
3.87000e+02 5.72000e+02 3.97000e+01
3.88000e+02 5.73000e+02 3.97000e+01
3.89000e+02 5.74000e+02 3.97000e+01
3.90000e+02 5.78000e+02 3.92000e+01
3.91000e+02 5.79000e+02 3.92000e+01
3.92000e+02 5.81000e+02 3.92000e+01
3.93000e+02 5.84000e+02 3.92000e+01
3.94000e+02 5.85000e+02 3.92000e+01
3.95000e+02 5.86000e+02 3.92000e+01
3.96000e+02 5.87000e+02 3.92000e+01
3.97000e+02 5.89000e+02 3.92000e+01
3.98000e+02 5.91000e+02 3.92000e+01
3.99000e+02 5.93000e+02 3.92000e+01
4.00000e+02 5.94000e+02 3.92000e+01
